,especievalida,gridid,longitud,latitud,cuarentena,isoutlier,ms_cluster,tscore,clasevalida,ordenvalido,familiavalida,altitudmapa,ambiente,aniocolecta,probablelocnodecampo,version,urlejemplar,idejemplar,sospechoso,DistConocida,DistPotencial,Buffer (Km),EstadoDoc,ValidoAmbiente,BufferAmbiente,MapaUSV,DistHistorica
642,Peromyscus gratus,175143,-99.0766667,19.9063889,,False,4,13.7,Mammalia,Rodentia,Cricetidae,2265,Terrestre,9999,,2017-12,http://www.snib.mx/snibgeoportal/Ejemplar.php?id=000c755fdb55aeaeef4621b20ceacfa7,000c755fdb55aeaeef4621b20ceacfa7,No,NoDisponible,,,,,,,
699,Peromyscus gratus,118909,-105.9227778,27.0266667,,False,4,9.61,Mammalia,Rodentia,Cricetidae,1803,Terrestre,9999,,2017-12,http://www.snib.mx/snibgeoportal/Ejemplar.php?id=00c4e565d4127b697f5d2b614e718a09,00c4e565d4127b697f5d2b614e718a09,No,NoDisponible,,,,,,,
274,Peromyscus gratus,175074,-99.1412142,19.2830556,,False,4,21.87,Mammalia,Rodentia,Cricetidae,2244,Terrestre,1947,,2017-12,http://www.snib.mx/snibgeoportal/Ejemplar.php?id=00d2862eaccf035d58dd4ceb86ba9a90,00d2862eaccf035d58dd4ceb86ba9a90,No,NoDisponible,,,,,,,
152,Peromyscus gratus,175055,-99.2167722,19.3233333,,False,4,21.09,Mammalia,Rodentia,Cricetidae,2398,Terrestre,1944,,2017-12,http://www.snib.mx/snibgeoportal/Ejemplar.php?id=00e57971a3bf9f25bf6fd35d1749e705,00e57971a3bf9f25bf6fd35d1749e705,No,NoDisponible,,,,,,,
480,Peromyscus gratus,137232,-103.8375,24.736944,,False,3,5.36,Mammalia,Rodentia,Cricetidae,1899,Terrestre,9999,,2017-12,http://www.snib.mx/snibgeoportal/Ejemplar.php?id=014bfc9e47c30bb9ec0ba52e7b0cd949,014bfc9e47c30bb9ec0ba52e7b0cd949,Si,NoDisponible,No,No,Si,,,,
668,Peromyscus gratus,179992,-98.7941667,19.6897222,,False,4,19.25,Mammalia,Rodentia,Cricetidae,2315,Terrestre,9999,,2017-12,http://www.snib.mx/snibgeoportal/Ejemplar.php?id=01abf2a26ba8ac59f5d558e19092f3e0,01abf2a26ba8ac59f5d558e19092f3e0,No,NoDisponible,,,,,,,
525,Peromyscus gratus,137103,-103.784894,23.634756,,False,5,29.31,Mammalia,Rodentia,Cricetidae,2464,Terrestre,1969,,2017-12,http://www.snib.mx/snibgeoportal/Ejemplar.php?id=0231650427a733602e456050c72fcd42,0231650427a733602e456050c72fcd42,No,NoDisponible,,,,,,,
412,Peromyscus gratus,165489,-100.3012463,20.5875,,False,4,18.9,Mammalia,Rodentia,Cricetidae,2031,Terrestre,1952,,2017-12,http://www.snib.mx/snibgeoportal/Ejemplar.php?id=0253f98415e4821b20f343fe64d12c5a,0253f98415e4821b20f343fe64d12c5a,No,NoDisponible,,,,,,,
360,Peromyscus gratus,175077,-99.1495476,19.3341667,,False,4,17.79,Mammalia,Rodentia,Cricetidae,2252,Terrestre,1947,,2017-12,http://www.snib.mx/snibgeoportal/Ejemplar.php?id=02826684ff00be0473ab576e9aa18755,02826684ff00be0473ab576e9aa18755,No,NoDisponible,,,,,,,
504,Peromyscus gratus,137100,-103.794543,23.576915,,False,4,18.1,Mammalia,Rodentia,Cricetidae,2140,Terrestre,1969,,2017-12,http://www.snib.mx/snibgeoportal/Ejemplar.php?id=0365e1dba55571f40a095fb29abe6765,0365e1dba55571f40a095fb29abe6765,No,NoDisponible,,,,,,,
93,Peromyscus gratus,170417,-99.6980667,21.0947997,,False,5,34.29,Mammalia,Rodentia,Cricetidae,2183,Terrestre,1982,,2017-12,http://www.snib.mx/snibgeoportal/Ejemplar.php?id=03804aa3c3e38bb9419d4d32ea2415b0,03804aa3c3e38bb9419d4d32ea2415b0,No,NoDisponible,,,,,,,
716,Peromyscus gratus,175192,-99.3805556,20.7366667,,False,4,25.01,Mammalia,Rodentia,Cricetidae,1779,Terrestre,9999,,2017-12,http://www.snib.mx/snibgeoportal/Ejemplar.php?id=03b37fdd4ca526ff83cf6d03c6348a27,03b37fdd4ca526ff83cf6d03c6348a27,No,NoDisponible,,,,,,,
375,Peromyscus gratus,175077,-99.166667,19.3205556,,False,4,17.79,Mammalia,Rodentia,Cricetidae,2291,Terrestre,1947,,2017-12,http://www.snib.mx/snibgeoportal/Ejemplar.php?id=043275a2507efa68c4491f7e2e913173,043275a2507efa68c4491f7e2e913173,No,NoDisponible,,,,,,,
442,Peromyscus gratus,155673,-101.60944,19.51583,,False,4,22.19,Mammalia,Rodentia,Cricetidae,2150,Terrestre,9999,,2017-12,http://www.snib.mx/snibgeoportal/Ejemplar.php?id=046981ab5b3359d594cb89f2fa6d3bb9,046981ab5b3359d594cb89f2fa6d3bb9,No,NoDisponible,,,,,,,
153,Peromyscus gratus,175055,-99.2167722,19.3233333,,False,4,21.09,Mammalia,Rodentia,Cricetidae,2398,Terrestre,1944,,2017-12,http://www.snib.mx/snibgeoportal/Ejemplar.php?id=04b542890c600bf68d78ffdaee2a3f3b,04b542890c600bf68d78ffdaee2a3f3b,No,NoDisponible,,,,,,,
149,Peromyscus gratus,175055,-99.1967717,19.3375,,False,4,21.09,Mammalia,Rodentia,Cricetidae,2314,Terrestre,1947,,2017-12,http://www.snib.mx/snibgeoportal/Ejemplar.php?id=051dc4316d7a49c309bf955a3c8527c4,051dc4316d7a49c309bf955a3c8527c4,No,NoDisponible,,,,,,,
233,Peromyscus gratus,170133,-99.982583,19.080667,,False,4,17.04,Mammalia,Rodentia,Cricetidae,2263,Terrestre,2009,SI,2017-12,http://www.snib.mx/snibgeoportal/Ejemplar.php?id=052967e6e143c5e5f1166ffca007ced6,052967e6e143c5e5f1166ffca007ced6,Si,NoDisponible,No,No,Si,,,,
652,Peromyscus gratus,137105,-104.0094444,23.7752778,,False,4,10.93,Mammalia,Rodentia,Cricetidae,1896,Terrestre,9999,,2017-12,http://www.snib.mx/snibgeoportal/Ejemplar.php?id=055f9772ebbbd6577a3aa01ed03c22c8,055f9772ebbbd6577a3aa01ed03c22c8,No,NoDisponible,,,,,,,
266,Peromyscus gratus,175073,-99.1187135,19.2338889,,False,4,22.57,Mammalia,Rodentia,Cricetidae,2352,Terrestre,1947,,2017-12,http://www.snib.mx/snibgeoportal/Ejemplar.php?id=057dfc2dd1818f6e9eed58296f275bff,057dfc2dd1818f6e9eed58296f275bff,No,NoDisponible,,,,,,,
21,Peromyscus gratus,175052,-99.225,19.3083333,,False,4,22.99,Mammalia,Rodentia,Cricetidae,2434,Terrestre,9999,,2017-12,http://www.snib.mx/snibgeoportal/Ejemplar.php?id=0622f2bdc580d2a0ed64fe0036333ec3,0622f2bdc580d2a0ed64fe0036333ec3,No,NoDisponible,,,,,,,
258,Peromyscus gratus,199530,-96.1131546,17.06169,,False,3,-6.92,Mammalia,Rodentia,Cricetidae,1643,Terrestre,1955,,2017-12,http://www.snib.mx/snibgeoportal/Ejemplar.php?id=06377c6b477510664b6402fa28a9514e,06377c6b477510664b6402fa28a9514e,Si,NoDisponible,No,No,Si,,,,
665,Peromyscus gratus,161201,-100.8875,25.3138889,,False,4,19.46,Mammalia,Rodentia,Cricetidae,2268,Terrestre,9999,,2017-12,http://www.snib.mx/snibgeoportal/Ejemplar.php?id=0643f125efa54a97b92a4fe5f161f121,0643f125efa54a97b92a4fe5f161f121,No,NoDisponible,,,,,,,
734,Peromyscus gratus,194627,-97.0425,17.0022222,,False,4,16.93,Mammalia,Rodentia,Cricetidae,2214,Terrestre,9999,,2017-12,http://www.snib.mx/snibgeoportal/Ejemplar.php?id=069336a0fc7c6263c5878ced4659bbc0,069336a0fc7c6263c5878ced4659bbc0,Si,NoDisponible,No,No,Si,,,,
2,Peromyscus gratus,175052,-99.2251053,19.3083333,,False,4,22.99,Mammalia,Rodentia,Cricetidae,2434,Terrestre,1955,,2017-12,http://www.snib.mx/snibgeoportal/Ejemplar.php?id=06969173377cf4040aa0c2e1a8b07886,06969173377cf4040aa0c2e1a8b07886,No,NoDisponible,,,,,,,
577,Peromyscus gratus,165467,-100.3895,20.5871667,,False,4,18.95,Mammalia,Rodentia,Cricetidae,1825,Terrestre,1952,,2017-12,http://www.snib.mx/snibgeoportal/Ejemplar.php?id=06b1ff90a8fc0a70776576b968bd6712,06b1ff90a8fc0a70776576b968bd6712,No,NoDisponible,,,,,,,
413,Peromyscus gratus,165489,-100.3012463,20.5875,,False,4,18.9,Mammalia,Rodentia,Cricetidae,2031,Terrestre,1952,,2017-12,http://www.snib.mx/snibgeoportal/Ejemplar.php?id=06c6c0725b0f01ff8c96b3411629c23c,06c6c0725b0f01ff8c96b3411629c23c,No,NoDisponible,,,,,,,
589,Peromyscus gratus,137117,-103.9166667,23.8666667,,False,4,25.3,Mammalia,Rodentia,Cricetidae,2536,Terrestre,1994,,2017-12,http://www.snib.mx/snibgeoportal/Ejemplar.php?id=06edc80bec112dfb99ebfddb60e89eb8,06edc80bec112dfb99ebfddb60e89eb8,No,NoDisponible,,,,,,,
779,Peromyscus gratus,101159,-108.2780556,28.2572222,,False,4,7.71,Mammalia,Rodentia,Cricetidae,2213,Terrestre,9999,,2017-12,http://www.snib.mx/snibgeoportal/Ejemplar.php?id=0763f28cf33436b00aa9856ab74c332d,0763f28cf33436b00aa9856ab74c332d,No,NoDisponible,,,,,,,
150,Peromyscus gratus,175055,-99.1862154,19.3186111,,False,4,21.09,Mammalia,Rodentia,Cricetidae,2310,Terrestre,1947,,2017-12,http://www.snib.mx/snibgeoportal/Ejemplar.php?id=079091668e528de275a4088fa1eacf20,079091668e528de275a4088fa1eacf20,No,NoDisponible,,,,,,,
43,Peromyscus gratus,175052,-99.225,19.3083333,,False,4,22.99,Mammalia,Rodentia,Cricetidae,2434,Terrestre,9999,,2017-12,http://www.snib.mx/snibgeoportal/Ejemplar.php?id=07925202ff68b58f4cfe31e8ee3eb73f,07925202ff68b58f4cfe31e8ee3eb73f,No,NoDisponible,,,,,,,
330,Peromyscus gratus,146250,-102.7030971,20.9039788,,False,4,10.59,Mammalia,Rodentia,Cricetidae,1992,Terrestre,1949,,2017-12,http://www.snib.mx/snibgeoportal/Ejemplar.php?id=07f1b858a453113cc5372a5cff43c081,07f1b858a453113cc5372a5cff43c081,No,NoDisponible,,,,,,,
246,Peromyscus gratus,175053,-99.245939,19.3558333,,False,4,22.53,Mammalia,Rodentia,Cricetidae,2502,Terrestre,1947,,2017-12,http://www.snib.mx/snibgeoportal/Ejemplar.php?id=08e83b7e1226acce5fe246bd0af4854f,08e83b7e1226acce5fe246bd0af4854f,No,NoDisponible,,,,,,,
259,Peromyscus gratus,155858,-101.758122,21.18176,,False,4,12.31,Mammalia,Rodentia,Cricetidae,2043,Terrestre,1952,,2017-12,http://www.snib.mx/snibgeoportal/Ejemplar.php?id=096ba981b45a5e914bd7b4137fe275c1,096ba981b45a5e914bd7b4137fe275c1,No,NoDisponible,,,,,,,
530,Peromyscus gratus,109957,-107.494992,27.784533,,False,4,10.72,Mammalia,Rodentia,Cricetidae,2197,Terrestre,1968,,2017-12,http://www.snib.mx/snibgeoportal/Ejemplar.php?id=097ddef337d54a2453c71d5c50829f05,097ddef337d54a2453c71d5c50829f05,No,NoDisponible,,,,,,,
430,Peromyscus gratus,141489,-103.1380019,20.57045,,False,3,0,Mammalia,Rodentia,Cricetidae,1491,Terrestre,1949,,2017-12,http://www.snib.mx/snibgeoportal/Ejemplar.php?id=0a20b831a9633da9db4f57a4e8f35ef2,0a20b831a9633da9db4f57a4e8f35ef2,No,NoDisponible,,,,,,,
328,Peromyscus gratus,194556,-96.6047559,16.2913889,,False,4,22.34,Mammalia,Rodentia,Cricetidae,1675,Terrestre,1953,,2017-12,http://www.snib.mx/snibgeoportal/Ejemplar.php?id=0a216c123e72afaf83653aa57bd6d887,0a216c123e72afaf83653aa57bd6d887,Si,NoDisponible,No,No,Si,,,,
33,Peromyscus gratus,175052,-99.225,19.30833,,False,4,22.99,Mammalia,Rodentia,Cricetidae,2434,Terrestre,1892,,2017-12,http://www.snib.mx/snibgeoportal/Ejemplar.php?id=0a330b0449180f1b5cfd57f4d1aa0a99,0a330b0449180f1b5cfd57f4d1aa0a99,No,NoDisponible,,,,,,,
154,Peromyscus gratus,175055,-99.2167722,19.3233333,,False,4,21.09,Mammalia,Rodentia,Cricetidae,2398,Terrestre,1944,,2017-12,http://www.snib.mx/snibgeoportal/Ejemplar.php?id=0a4b42e496afb8f29c3cbbccc6c6eb8a,0a4b42e496afb8f29c3cbbccc6c6eb8a,No,NoDisponible,,,,,,,
284,Peromyscus gratus,175074,-99.150483,19.311711,,False,4,21.87,Mammalia,Rodentia,Cricetidae,2263,Terrestre,9999,,2017-12,http://www.snib.mx/snibgeoportal/Ejemplar.php?id=0b57b629de6489c34d75a6a11c0dd1d9,0b57b629de6489c34d75a6a11c0dd1d9,No,NoDisponible,,,,,,,
108,Peromyscus gratus,170312,-99.9333333,20.4833333,,False,4,14.73,Mammalia,Rodentia,Cricetidae,1886,Terrestre,1984,,2017-12,http://www.snib.mx/snibgeoportal/Ejemplar.php?id=0b8f17e64548087147dc07eab85810e5,0b8f17e64548087147dc07eab85810e5,No,NoDisponible,,,,,,,
469,Peromyscus gratus,127773,-105.057994,23.896819,,False,4,14.9,Mammalia,Rodentia,Cricetidae,2562,Terrestre,9999,,2017-12,http://www.snib.mx/snibgeoportal/Ejemplar.php?id=0cc7a413af0be9ec8782c8c6baf768c7,0cc7a413af0be9ec8782c8c6baf768c7,No,NoDisponible,,,,,,,
109,Peromyscus gratus,170312,-99.9333333,20.4833333,,False,4,14.73,Mammalia,Rodentia,Cricetidae,1886,Terrestre,1984,,2017-12,http://www.snib.mx/snibgeoportal/Ejemplar.php?id=0ce494b03ab5a12b476a72f72ba9f564,0ce494b03ab5a12b476a72f72ba9f564,No,NoDisponible,,,,,,,
155,Peromyscus gratus,175055,-99.2167722,19.3233333,,False,4,21.09,Mammalia,Rodentia,Cricetidae,2398,Terrestre,1944,,2017-12,http://www.snib.mx/snibgeoportal/Ejemplar.php?id=0ce84cbe017517425bfee2d7191acb2d,0ce84cbe017517425bfee2d7191acb2d,No,NoDisponible,,,,,,,
474,Peromyscus gratus,137056,-103.797461,23.458764,,False,5,26.04,Mammalia,Rodentia,Cricetidae,2466,Terrestre,1970,,2017-12,http://www.snib.mx/snibgeoportal/Ejemplar.php?id=0d490436f10894da91950a662bb2d24b,0d490436f10894da91950a662bb2d24b,No,NoDisponible,,,,,,,
740,Peromyscus gratus,170328,-99.94,20.7388889,,False,4,14.93,Mammalia,Rodentia,Cricetidae,2064,Terrestre,9999,,2017-12,http://www.snib.mx/snibgeoportal/Ejemplar.php?id=0d5e69292d708599272adf4655f4abc2,0d5e69292d708599272adf4655f4abc2,No,NoDisponible,,,,,,,
234,Peromyscus gratus,175075,-99.094806,19.204694,,False,4,22.8,Mammalia,Rodentia,Cricetidae,2713,Terrestre,2009,,2017-12,http://www.snib.mx/snibgeoportal/Ejemplar.php?id=0dd2ee6bb6ddcede40910c43c017effc,0dd2ee6bb6ddcede40910c43c017effc,No,NoDisponible,,,,,,,
431,Peromyscus gratus,141489,-103.1380019,20.57045,,False,3,0,Mammalia,Rodentia,Cricetidae,1491,Terrestre,1949,,2017-12,http://www.snib.mx/snibgeoportal/Ejemplar.php?id=0e44d567e0d5f486dc0c9a6e697989e2,0e44d567e0d5f486dc0c9a6e697989e2,No,NoDisponible,,,,,,,
619,Peromyscus gratus,105414,-108.0544444,27.2969444,,False,3,-11.33,Mammalia,Rodentia,Cricetidae,1621,Terrestre,9999,,2017-12,http://www.snib.mx/snibgeoportal/Ejemplar.php?id=0eb3825265a1e300cde0a46fa719e953,0eb3825265a1e300cde0a46fa719e953,No,NoDisponible,,,,,,,
156,Peromyscus gratus,175055,-99.2167722,19.3233333,,False,4,21.09,Mammalia,Rodentia,Cricetidae,2398,Terrestre,1944,,2017-12,http://www.snib.mx/snibgeoportal/Ejemplar.php?id=0ed0d7121c51c637f289bcf6e51f54eb,0ed0d7121c51c637f289bcf6e51f54eb,No,NoDisponible,,,,,,,
389,Peromyscus gratus,175077,-99.166667,19.3205556,,False,4,17.79,Mammalia,Rodentia,Cricetidae,2291,Terrestre,9999,,2017-12,http://www.snib.mx/snibgeoportal/Ejemplar.php?id=0f863ee6a89f4703e5a2767fa3f4c6b0,0f863ee6a89f4703e5a2767fa3f4c6b0,No,NoDisponible,,,,,,,
64,Peromyscus gratus,146189,-102.7438889,20.4122222,,False,3,2.25,Mammalia,Rodentia,Cricetidae,1588,Terrestre,2009,,2017-12,http://www.snib.mx/snibgeoportal/Ejemplar.php?id=101b4b195b59e522c66d1913ffbbd3ed,101b4b195b59e522c66d1913ffbbd3ed,No,NoDisponible,,,,,,,
268,Peromyscus gratus,175073,-99.1337139,19.2230556,,False,4,22.57,Mammalia,Rodentia,Cricetidae,2581,Terrestre,1944,,2017-12,http://www.snib.mx/snibgeoportal/Ejemplar.php?id=10724144b12ddfe555d6ebad72e6d86f,10724144b12ddfe555d6ebad72e6d86f,No,NoDisponible,,,,,,,
22,Peromyscus gratus,175052,-99.225,19.3083333,,False,4,22.99,Mammalia,Rodentia,Cricetidae,2434,Terrestre,9999,,2017-12,http://www.snib.mx/snibgeoportal/Ejemplar.php?id=108ae95e5ff1ebaef290ece8352ac6a2,108ae95e5ff1ebaef290ece8352ac6a2,No,NoDisponible,,,,,,,
322,Peromyscus gratus,146249,-102.7611111,20.825,,False,3,5.23,Mammalia,Rodentia,Cricetidae,1822,Terrestre,9999,,2017-12,http://www.snib.mx/snibgeoportal/Ejemplar.php?id=10d4726460386be74b0847f01e9a692f,10d4726460386be74b0847f01e9a692f,No,NoDisponible,,,,,,,
141,Peromyscus gratus,175055,-99.2145491,19.3233333,,False,4,21.09,Mammalia,Rodentia,Cricetidae,2371,Terrestre,1947,,2017-12,http://www.snib.mx/snibgeoportal/Ejemplar.php?id=115ddf7a19d866ad97ba245bf0ddc89d,115ddf7a19d866ad97ba245bf0ddc89d,No,NoDisponible,,,,,,,
513,Peromyscus gratus,127800,-104.782069,23.986394,,False,4,19.12,Mammalia,Rodentia,Cricetidae,2221,Terrestre,9999,,2017-12,http://www.snib.mx/snibgeoportal/Ejemplar.php?id=11ec2c90a24bfef6cca465d6a53bddb8,11ec2c90a24bfef6cca465d6a53bddb8,No,NoDisponible,,,,,,,
443,Peromyscus gratus,155673,-101.60944,19.51583,,False,4,22.19,Mammalia,Rodentia,Cricetidae,2150,Terrestre,9999,,2017-12,http://www.snib.mx/snibgeoportal/Ejemplar.php?id=1221aa527aa56c911165f509be907e0e,1221aa527aa56c911165f509be907e0e,No,NoDisponible,,,,,,,
79,Peromyscus gratus,170417,-99.7333333,21.1,,False,5,34.29,Mammalia,Rodentia,Cricetidae,1710,Terrestre,1983,,2017-12,http://www.snib.mx/snibgeoportal/Ejemplar.php?id=1277bc29edc537f165fae3ad9599349d,1277bc29edc537f165fae3ad9599349d,No,NoDisponible,,,,,,,
638,Peromyscus gratus,170397,-99.8555556,21.2225,,False,4,12.45,Mammalia,Rodentia,Cricetidae,1898,Terrestre,9999,,2017-12,http://www.snib.mx/snibgeoportal/Ejemplar.php?id=1277c5f6ed747ccbc14e18c42961a3a9,1277c5f6ed747ccbc14e18c42961a3a9,No,NoDisponible,,,,,,,
505,Peromyscus gratus,137100,-103.794543,23.576915,,False,4,18.1,Mammalia,Rodentia,Cricetidae,2140,Terrestre,1969,,2017-12,http://www.snib.mx/snibgeoportal/Ejemplar.php?id=127c449c46e49e660872c89eb2962c10,127c449c46e49e660872c89eb2962c10,No,NoDisponible,,,,,,,
769,Peromyscus gratus,146273,-102.5611111,20.825,,False,4,8.13,Mammalia,Rodentia,Cricetidae,2056,Terrestre,9999,,2017-12,http://www.snib.mx/snibgeoportal/Ejemplar.php?id=1290de30bfe48e84f296ca5db54d78cc,1290de30bfe48e84f296ca5db54d78cc,No,NoDisponible,,,,,,,
710,Peromyscus gratus,146428,-102.3533333,22.2291667,,False,4,15.31,Mammalia,Rodentia,Cricetidae,2059,Terrestre,9999,,2017-12,http://www.snib.mx/snibgeoportal/Ejemplar.php?id=12cb676474d328097c31427b0753a037,12cb676474d328097c31427b0753a037,No,NoDisponible,,,,,,,
390,Peromyscus gratus,175077,-99.166667,19.3205556,,False,4,17.79,Mammalia,Rodentia,Cricetidae,2291,Terrestre,9999,,2017-12,http://www.snib.mx/snibgeoportal/Ejemplar.php?id=1382e601447b4737e0c891602770e2fa,1382e601447b4737e0c891602770e2fa,No,NoDisponible,,,,,,,
703,Peromyscus gratus,155997,-101.5738889,22.2966667,,False,4,15.39,Mammalia,Rodentia,Cricetidae,2459,Terrestre,9999,,2017-12,http://www.snib.mx/snibgeoportal/Ejemplar.php?id=143ff2a189e4c80efcf6614a6736e233,143ff2a189e4c80efcf6614a6736e233,No,NoDisponible,,,,,,,
157,Peromyscus gratus,175055,-99.2167722,19.3233333,,False,4,21.09,Mammalia,Rodentia,Cricetidae,2398,Terrestre,1944,,2017-12,http://www.snib.mx/snibgeoportal/Ejemplar.php?id=1497817bf6c3c36fff5ffbd5e4e67a6d,1497817bf6c3c36fff5ffbd5e4e67a6d,No,NoDisponible,,,,,,,
391,Peromyscus gratus,175077,-99.166667,19.3205556,,False,4,17.79,Mammalia,Rodentia,Cricetidae,2291,Terrestre,9999,,2017-12,http://www.snib.mx/snibgeoportal/Ejemplar.php?id=14999487e8ee9f2bf6f7829893ffe040,14999487e8ee9f2bf6f7829893ffe040,No,NoDisponible,,,,,,,
794,Peromyscus gratus,105513,-107.6002778,27.6727778,,False,4,15.95,Mammalia,Rodentia,Cricetidae,2482,Terrestre,9999,,2017-12,http://www.snib.mx/snibgeoportal/Ejemplar.php?id=156feaba82bb023b5b1449f9adfd4b12,156feaba82bb023b5b1449f9adfd4b12,No,NoDisponible,,,,,,,
341,Peromyscus gratus,180066,-98.5578693,19.8127778,,False,5,28.94,Mammalia,Rodentia,Cricetidae,2514,Terrestre,1952,,2017-12,http://www.snib.mx/snibgeoportal/Ejemplar.php?id=15c17c7e57966979388d47a64d209bf6,15c17c7e57966979388d47a64d209bf6,No,NoDisponible,,,,,,,
531,Peromyscus gratus,109957,-107.494992,27.784533,,False,4,10.72,Mammalia,Rodentia,Cricetidae,2197,Terrestre,1968,,2017-12,http://www.snib.mx/snibgeoportal/Ejemplar.php?id=1622227979f4f36500692115a6c125b8,1622227979f4f36500692115a6c125b8,No,NoDisponible,,,,,,,
158,Peromyscus gratus,175055,-99.2167722,19.3233333,,False,4,21.09,Mammalia,Rodentia,Cricetidae,2398,Terrestre,1944,,2017-12,http://www.snib.mx/snibgeoportal/Ejemplar.php?id=1655a9bc1cf62399da3bf536b83a0fd6,1655a9bc1cf62399da3bf536b83a0fd6,No,NoDisponible,,,,,,,
635,Peromyscus gratus,137018,-103.5677778,22.7702778,,False,4,14.82,Mammalia,Rodentia,Cricetidae,1898,Terrestre,9999,,2017-12,http://www.snib.mx/snibgeoportal/Ejemplar.php?id=16ecd0c2aeae1ddeb65fdbeb296e836e,16ecd0c2aeae1ddeb65fdbeb296e836e,No,NoDisponible,,,,,,,
242,Peromyscus gratus,175075,-99.0358333,19.1991667,,False,4,22.8,Mammalia,Rodentia,Cricetidae,2423,Terrestre,9999,,2017-12,http://www.snib.mx/snibgeoportal/Ejemplar.php?id=1713ac6f9e78667bf57e3e65c4a5d144,1713ac6f9e78667bf57e3e65c4a5d144,No,NoDisponible,,,,,,,
380,Peromyscus gratus,175077,-99.1617709,19.3352778,,False,4,17.79,Mammalia,Rodentia,Cricetidae,2253,Terrestre,1947,,2017-12,http://www.snib.mx/snibgeoportal/Ejemplar.php?id=194f7ca5cb43afb580050d2e96f3d05e,194f7ca5cb43afb580050d2e96f3d05e,No,NoDisponible,,,,,,,
71,Peromyscus gratus,194762,-97.0125,18.1583333,,False,4,6.93,Mammalia,Rodentia,Cricetidae,1919,Terrestre,9999,,2017-12,http://www.snib.mx/snibgeoportal/Ejemplar.php?id=1986aaebcad61d29bd73e158c10db891,1986aaebcad61d29bd73e158c10db891,Si,NoDisponible,No,No,Si,,,,
693,Peromyscus gratus,137127,-103.6397222,23.6347222,,False,4,23.69,Mammalia,Rodentia,Cricetidae,2323,Terrestre,9999,,2017-12,http://www.snib.mx/snibgeoportal/Ejemplar.php?id=1aae282141379c9b118fee74905aa14f,1aae282141379c9b118fee74905aa14f,No,NoDisponible,,,,,,,
142,Peromyscus gratus,175055,-99.2145491,19.3233333,,False,4,21.09,Mammalia,Rodentia,Cricetidae,2371,Terrestre,1947,,2017-12,http://www.snib.mx/snibgeoportal/Ejemplar.php?id=1c690bf3d450c0ee77633f9ef7bfb532,1c690bf3d450c0ee77633f9ef7bfb532,No,NoDisponible,,,,,,,
255,Peromyscus gratus,179990,-98.8438586,19.692614,,False,4,14.84,Mammalia,Rodentia,Cricetidae,2341,Terrestre,1946,,2017-12,http://www.snib.mx/snibgeoportal/Ejemplar.php?id=1c72502d7a832b71718bbdf42883bac3,1c72502d7a832b71718bbdf42883bac3,No,NoDisponible,,,,,,,
94,Peromyscus gratus,170417,-99.6980667,21.0947997,,False,5,34.29,Mammalia,Rodentia,Cricetidae,2183,Terrestre,1983,,2017-12,http://www.snib.mx/snibgeoportal/Ejemplar.php?id=1c7d367ffec3a144528ed804466f22d7,1c7d367ffec3a144528ed804466f22d7,No,NoDisponible,,,,,,,
80,Peromyscus gratus,170417,-99.7333333,21.1,,False,5,34.29,Mammalia,Rodentia,Cricetidae,1710,Terrestre,1983,,2017-12,http://www.snib.mx/snibgeoportal/Ejemplar.php?id=1c9717782f20b3e514c6682f181f396a,1c9717782f20b3e514c6682f181f396a,No,NoDisponible,,,,,,,
159,Peromyscus gratus,175055,-99.2167722,19.3233333,,False,4,21.09,Mammalia,Rodentia,Cricetidae,2398,Terrestre,1944,,2017-12,http://www.snib.mx/snibgeoportal/Ejemplar.php?id=1c9e6b64aa36c8fe24959995ce3718c5,1c9e6b64aa36c8fe24959995ce3718c5,No,NoDisponible,,,,,,,
299,Peromyscus gratus,160508,-100.6558599,19.5593,,False,4,13.05,Mammalia,Rodentia,Cricetidae,2725,Terrestre,1954,,2017-12,http://www.snib.mx/snibgeoportal/Ejemplar.php?id=1caf89cf26c73ff1677ddb8b948084ea,1caf89cf26c73ff1677ddb8b948084ea,No,NoDisponible,,,,,,,
3,Peromyscus gratus,175052,-99.2251053,19.3083333,,False,4,22.99,Mammalia,Rodentia,Cricetidae,2434,Terrestre,1955,,2017-12,http://www.snib.mx/snibgeoportal/Ejemplar.php?id=1cdd56ad5d7da2bb5b41be5aabb1ba9c,1cdd56ad5d7da2bb5b41be5aabb1ba9c,No,NoDisponible,,,,,,,
60,Peromyscus gratus,175292,-98.88825,21.1839444,,True,1,-35.32,Mammalia,Rodentia,Cricetidae,1318,Terrestre,9999,,2017-12,http://www.snib.mx/snibgeoportal/Ejemplar.php?id=1ce32ad17fb86d9db2cad823665fc674,1ce32ad17fb86d9db2cad823665fc674,No,NoDisponible,,,,,,,
110,Peromyscus gratus,170312,-99.9333333,20.4833333,,False,4,14.73,Mammalia,Rodentia,Cricetidae,1886,Terrestre,1984,,2017-12,http://www.snib.mx/snibgeoportal/Ejemplar.php?id=1d02f719563e235af8e37fb13cc6baec,1d02f719563e235af8e37fb13cc6baec,No,NoDisponible,,,,,,,
227,Peromyscus gratus,175090,-99.122478,19.584183,,False,5,26.22,Mammalia,Rodentia,Cricetidae,2618,Terrestre,2009,,2017-12,http://www.snib.mx/snibgeoportal/Ejemplar.php?id=1d0627726813ced0e4dde5f656c9bec2,1d0627726813ced0e4dde5f656c9bec2,No,NoDisponible,,,,,,,
484,Peromyscus gratus,137100,-103.798939,23.575243,,False,4,18.1,Mammalia,Rodentia,Cricetidae,2131,Terrestre,1969,,2017-12,http://www.snib.mx/snibgeoportal/Ejemplar.php?id=1d572480c87dfa04ed0353238ce658f9,1d572480c87dfa04ed0353238ce658f9,No,NoDisponible,,,,,,,
323,Peromyscus gratus,146249,-102.7611111,20.825,,False,3,5.23,Mammalia,Rodentia,Cricetidae,1822,Terrestre,9999,,2017-12,http://www.snib.mx/snibgeoportal/Ejemplar.php?id=1dbf4db0684437b65020c14d09faa331,1dbf4db0684437b65020c14d09faa331,No,NoDisponible,,,,,,,
287,Peromyscus gratus,199453,-96.4080872,16.9222222,,False,4,9.24,Mammalia,Rodentia,Cricetidae,1645,Terrestre,1955,,2017-12,http://www.snib.mx/snibgeoportal/Ejemplar.php?id=1dc223c4a5aa0593189c0dc0b617f3fa,1dc223c4a5aa0593189c0dc0b617f3fa,No,NoDisponible,,,,,,,
392,Peromyscus gratus,175077,-99.166667,19.3205556,,False,4,17.79,Mammalia,Rodentia,Cricetidae,2291,Terrestre,9999,,2017-12,http://www.snib.mx/snibgeoportal/Ejemplar.php?id=1dd3193b244d2da5a2d571b2dc2fc74f,1dd3193b244d2da5a2d571b2dc2fc74f,No,NoDisponible,,,,,,,
160,Peromyscus gratus,175055,-99.2167722,19.3233333,,False,4,21.09,Mammalia,Rodentia,Cricetidae,2398,Terrestre,1944,,2017-12,http://www.snib.mx/snibgeoportal/Ejemplar.php?id=1ddea3953406689277e820dd39ae9519,1ddea3953406689277e820dd39ae9519,No,NoDisponible,,,,,,,
526,Peromyscus gratus,137103,-103.784894,23.634756,,False,5,29.31,Mammalia,Rodentia,Cricetidae,2464,Terrestre,1969,,2017-12,http://www.snib.mx/snibgeoportal/Ejemplar.php?id=1e10445c72bf5c732063398b54203a7b,1e10445c72bf5c732063398b54203a7b,No,NoDisponible,,,,,,,
45,Peromyscus gratus,175051,-99.2077789,19.233055,,False,4,16.74,Mammalia,Rodentia,Cricetidae,2913,Terrestre,1948,,2017-12,http://www.snib.mx/snibgeoportal/Ejemplar.php?id=1e11323b97145223e78f5aadcf0249d6,1e11323b97145223e78f5aadcf0249d6,No,NoDisponible,,,,,,,
361,Peromyscus gratus,175077,-99.1495476,19.3341667,,False,4,17.79,Mammalia,Rodentia,Cricetidae,2252,Terrestre,1947,,2017-12,http://www.snib.mx/snibgeoportal/Ejemplar.php?id=1e8dbd89e81ef214ca1e051867a568b5,1e8dbd89e81ef214ca1e051867a568b5,No,NoDisponible,,,,,,,
750,Peromyscus gratus,155781,-101.7225,20.43,,False,4,8.12,Mammalia,Rodentia,Cricetidae,1776,Terrestre,9999,,2017-12,http://www.snib.mx/snibgeoportal/Ejemplar.php?id=1e9a92b3032d534a2ddcf7d2192961c1,1e9a92b3032d534a2ddcf7d2192961c1,No,NoDisponible,,,,,,,
111,Peromyscus gratus,170312,-99.9333333,20.4833333,,False,4,14.73,Mammalia,Rodentia,Cricetidae,1886,Terrestre,1984,,2017-12,http://www.snib.mx/snibgeoportal/Ejemplar.php?id=1ead8009e8150e03efed16b20475a29a,1ead8009e8150e03efed16b20475a29a,No,NoDisponible,,,,,,,
506,Peromyscus gratus,137100,-103.794543,23.576915,,False,4,18.1,Mammalia,Rodentia,Cricetidae,2140,Terrestre,1969,,2017-12,http://www.snib.mx/snibgeoportal/Ejemplar.php?id=1f323b5d6dd7dc01cdb69452da6680a4,1f323b5d6dd7dc01cdb69452da6680a4,No,NoDisponible,,,,,,,
755,Peromyscus gratus,180194,-98.5411111,20.8761111,,True,2,-22.5,Mammalia,Rodentia,Cricetidae,417,Terrestre,9999,,2017-12,http://www.snib.mx/snibgeoportal/Ejemplar.php?id=1f7df05ce4deb884fb9f51432254ffb2,1f7df05ce4deb884fb9f51432254ffb2,No,NoDisponible,,,,,,,
239,Peromyscus gratus,175075,-99.0358333,19.1991667,,False,4,22.8,Mammalia,Rodentia,Cricetidae,2423,Terrestre,9999,,2017-12,http://www.snib.mx/snibgeoportal/Ejemplar.php?id=1fcffed274f2b3b23607d60d693c8226,1fcffed274f2b3b23607d60d693c8226,No,NoDisponible,,,,,,,
58,Peromyscus gratus,175292,-98.8883333,21.1838889,,True,1,-35.32,Mammalia,Rodentia,Cricetidae,1318,Terrestre,1998,,2017-12,http://www.snib.mx/snibgeoportal/Ejemplar.php?id=2009eacddf3be933f77e61361236cc43,2009eacddf3be933f77e61361236cc43,No,NoDisponible,,,,,,,
765,Peromyscus gratus,161155,-101.1097222,25.0541667,,False,4,11.6,Mammalia,Rodentia,Cricetidae,2055,Terrestre,9999,,2017-12,http://www.snib.mx/snibgeoportal/Ejemplar.php?id=20c7defd55840be8487d1b8695f21130,20c7defd55840be8487d1b8695f21130,No,NoDisponible,,,,,,,
514,Peromyscus gratus,127800,-104.782069,23.986394,,False,4,19.12,Mammalia,Rodentia,Cricetidae,2221,Terrestre,9999,,2017-12,http://www.snib.mx/snibgeoportal/Ejemplar.php?id=21958434895f2160c73a430b3d5b9c08,21958434895f2160c73a430b3d5b9c08,No,NoDisponible,,,,,,,
721,Peromyscus gratus,180043,-98.6347222,19.7297222,,False,4,19.87,Mammalia,Rodentia,Cricetidae,2545,Terrestre,9999,,2017-12,http://www.snib.mx/snibgeoportal/Ejemplar.php?id=21dd70c7888ce23ec0b74314bb45411f,21dd70c7888ce23ec0b74314bb45411f,No,NoDisponible,,,,,,,
331,Peromyscus gratus,146250,-102.7030971,20.9039788,,False,4,10.59,Mammalia,Rodentia,Cricetidae,1992,Terrestre,1949,,2017-12,http://www.snib.mx/snibgeoportal/Ejemplar.php?id=2221591cae17ffadc43ca4243f253d08,2221591cae17ffadc43ca4243f253d08,No,NoDisponible,,,,,,,
376,Peromyscus gratus,175077,-99.166667,19.3205556,,False,4,17.79,Mammalia,Rodentia,Cricetidae,2291,Terrestre,1947,,2017-12,http://www.snib.mx/snibgeoportal/Ejemplar.php?id=222f4fef990672e6f5e4a7e36a7eaacc,222f4fef990672e6f5e4a7e36a7eaacc,No,NoDisponible,,,,,,,
34,Peromyscus gratus,175052,-99.225,19.30833,,False,4,22.99,Mammalia,Rodentia,Cricetidae,2434,Terrestre,1892,,2017-12,http://www.snib.mx/snibgeoportal/Ejemplar.php?id=2243868fa0a853f67ddee562b36de837,2243868fa0a853f67ddee562b36de837,No,NoDisponible,,,,,,,
120,Peromyscus gratus,170312,-99.8958333,20.5205556,,False,4,14.73,Mammalia,Rodentia,Cricetidae,1902,Terrestre,9999,,2017-12,http://www.snib.mx/snibgeoportal/Ejemplar.php?id=22489e49aa645a04a69e9499f59d8f3d,22489e49aa645a04a69e9499f59d8f3d,No,NoDisponible,,,,,,,
161,Peromyscus gratus,175055,-99.2167722,19.3233333,,False,4,21.09,Mammalia,Rodentia,Cricetidae,2398,Terrestre,1944,,2017-12,http://www.snib.mx/snibgeoportal/Ejemplar.php?id=22a540010676cc76817cb6dbb54c4909,22a540010676cc76817cb6dbb54c4909,No,NoDisponible,,,,,,,
470,Peromyscus gratus,127773,-105.057994,23.896819,,False,4,14.9,Mammalia,Rodentia,Cricetidae,2562,Terrestre,9999,,2017-12,http://www.snib.mx/snibgeoportal/Ejemplar.php?id=22c2762bce5cfd70fbb921d684d94d11,22c2762bce5cfd70fbb921d684d94d11,No,NoDisponible,,,,,,,
666,Peromyscus gratus,161201,-100.8875,25.3138889,,False,4,19.46,Mammalia,Rodentia,Cricetidae,2268,Terrestre,9999,,2017-12,http://www.snib.mx/snibgeoportal/Ejemplar.php?id=23e3a2ab83bbe78fe8362d079a6d42ca,23e3a2ab83bbe78fe8362d079a6d42ca,No,NoDisponible,,,,,,,
601,Peromyscus gratus,180058,-98.7166667,20.1,,False,5,33.04,Mammalia,Rodentia,Cricetidae,2417,Terrestre,9999,,2017-12,http://www.snib.mx/snibgeoportal/Ejemplar.php?id=2442b2403e8a9b31abde6b0f1424cb81,2442b2403e8a9b31abde6b0f1424cb81,No,NoDisponible,,,,,,,
634,Peromyscus gratus,137018,-103.5677778,22.7702778,,False,4,14.82,Mammalia,Rodentia,Cricetidae,1898,Terrestre,9999,,2017-12,http://www.snib.mx/snibgeoportal/Ejemplar.php?id=24d4d06e98d0621f4baa70271335be02,24d4d06e98d0621f4baa70271335be02,No,NoDisponible,,,,,,,
0,Peromyscus gratus,150864,-102.0918056,19.4265278,,False,4,9.51,Mammalia,Rodentia,Cricetidae,1768,Terrestre,2003,SI,2017-12,http://www.snib.mx/snibgeoportal/Ejemplar.php?id=257b4ae05a17895d8e1b07fd53956c6b,257b4ae05a17895d8e1b07fd53956c6b,No,NoDisponible,,,,,,,
162,Peromyscus gratus,175055,-99.2167722,19.3233333,,False,4,21.09,Mammalia,Rodentia,Cricetidae,2398,Terrestre,1944,,2017-12,http://www.snib.mx/snibgeoportal/Ejemplar.php?id=259ae3f5b2de873bb8c5038ff9538b11,259ae3f5b2de873bb8c5038ff9538b11,No,NoDisponible,,,,,,,
586,Peromyscus gratus,151209,-101.8621869,21.9302508,,False,4,19.49,Mammalia,Rodentia,Cricetidae,2407,Terrestre,2010,,2017-12,http://www.snib.mx/snibgeoportal/Ejemplar.php?id=26a341590b6d4b950c06fdd1c1110345,26a341590b6d4b950c06fdd1c1110345,No,NoDisponible,,,,,,,
277,Peromyscus gratus,175074,-99.1501034,19.2841667,,False,4,21.87,Mammalia,Rodentia,Cricetidae,2259,Terrestre,1947,,2017-12,http://www.snib.mx/snibgeoportal/Ejemplar.php?id=26dca7225fb5196d541f2d39252ba960,26dca7225fb5196d541f2d39252ba960,No,NoDisponible,,,,,,,
319,Peromyscus gratus,150919,-102.2051775,19.88833,,False,4,10.42,Mammalia,Rodentia,Cricetidae,1711,Terrestre,1954,,2017-12,http://www.snib.mx/snibgeoportal/Ejemplar.php?id=27a0fc103b96f04e277f997a62cb65de,27a0fc103b96f04e277f997a62cb65de,No,NoDisponible,,,,,,,
163,Peromyscus gratus,175055,-99.2167722,19.3233333,,False,4,21.09,Mammalia,Rodentia,Cricetidae,2398,Terrestre,1944,,2017-12,http://www.snib.mx/snibgeoportal/Ejemplar.php?id=27fac66d37a476f67b7308f7078af92d,27fac66d37a476f67b7308f7078af92d,No,NoDisponible,,,,,,,
393,Peromyscus gratus,175077,-99.166667,19.3205556,,False,4,17.79,Mammalia,Rodentia,Cricetidae,2291,Terrestre,9999,,2017-12,http://www.snib.mx/snibgeoportal/Ejemplar.php?id=27fc400192eb0533e42d6d78950b3d3a,27fc400192eb0533e42d6d78950b3d3a,No,NoDisponible,,,,,,,
121,Peromyscus gratus,170312,-99.8958333,20.5205556,,False,4,14.73,Mammalia,Rodentia,Cricetidae,1902,Terrestre,9999,,2017-12,http://www.snib.mx/snibgeoportal/Ejemplar.php?id=282ab7d3bbb2ecd47e78263dd9124ee7,282ab7d3bbb2ecd47e78263dd9124ee7,No,NoDisponible,,,,,,,
532,Peromyscus gratus,109957,-107.494992,27.784533,,False,4,10.72,Mammalia,Rodentia,Cricetidae,2197,Terrestre,1968,,2017-12,http://www.snib.mx/snibgeoportal/Ejemplar.php?id=28bf29f9ad1293e04e388dfe27ce5f01,28bf29f9ad1293e04e388dfe27ce5f01,No,NoDisponible,,,,,,,
100,Peromyscus gratus,170417,-99.6852778,21.1302778,,False,5,34.29,Mammalia,Rodentia,Cricetidae,2925,Terrestre,1997,,2017-12,http://www.snib.mx/snibgeoportal/Ejemplar.php?id=295383cb9a61e4453cf123349ff8ccd7,295383cb9a61e4453cf123349ff8ccd7,No,NoDisponible,,,,,,,
235,Peromyscus gratus,175075,-99.094833,19.204472,,False,4,22.8,Mammalia,Rodentia,Cricetidae,2709,Terrestre,2009,,2017-12,http://www.snib.mx/snibgeoportal/Ejemplar.php?id=298cfbc95e7ae165934027ea44e06193,298cfbc95e7ae165934027ea44e06193,No,NoDisponible,,,,,,,
643,Peromyscus gratus,184752,-97.7736111,17.8069444,,False,3,4.91,Mammalia,Rodentia,Cricetidae,1581,Terrestre,9999,,2017-12,http://www.snib.mx/snibgeoportal/Ejemplar.php?id=29a039f583035ae0042e67e53024f8f2,29a039f583035ae0042e67e53024f8f2,No,NoDisponible,,,,,,,
654,Peromyscus gratus,114584,-106.80694,29.11833,,False,4,9.43,Mammalia,Rodentia,Cricetidae,2017,Terrestre,9999,,2017-12,http://www.snib.mx/snibgeoportal/Ejemplar.php?id=29efafbbee661bbe2e980599221d9615,29efafbbee661bbe2e980599221d9615,No,NoDisponible,,,,,,,
444,Peromyscus gratus,155673,-101.60944,19.51583,,False,4,22.19,Mammalia,Rodentia,Cricetidae,2150,Terrestre,9999,,2017-12,http://www.snib.mx/snibgeoportal/Ejemplar.php?id=2a0f5185d05ac0b26ee7f1b2a6ee6f2b,2a0f5185d05ac0b26ee7f1b2a6ee6f2b,No,NoDisponible,,,,,,,
283,Peromyscus gratus,175074,-99.1616667,19.2833333,,False,4,21.87,Mammalia,Rodentia,Cricetidae,2295,Terrestre,9999,,2017-12,http://www.snib.mx/snibgeoportal/Ejemplar.php?id=2a5e6364f510e89870660a49a14362c8,2a5e6364f510e89870660a49a14362c8,No,NoDisponible,,,,,,,
756,Peromyscus gratus,150929,-102.2830556,20.0016667,,False,3,4.48,Mammalia,Rodentia,Cricetidae,1561,Terrestre,9999,,2017-12,http://www.snib.mx/snibgeoportal/Ejemplar.php?id=2b51128b9fae7c389996fc8804db30d4,2b51128b9fae7c389996fc8804db30d4,No,NoDisponible,,,,,,,
288,Peromyscus gratus,199453,-96.4080872,16.9222222,,False,4,9.24,Mammalia,Rodentia,Cricetidae,1645,Terrestre,1955,,2017-12,http://www.snib.mx/snibgeoportal/Ejemplar.php?id=2c5d1ffabf7cb175fab3dbd52c847355,2c5d1ffabf7cb175fab3dbd52c847355,No,NoDisponible,,,,,,,
727,Peromyscus gratus,175141,-99.1477778,19.9091667,,False,4,20.81,Mammalia,Rodentia,Cricetidae,2211,Terrestre,9999,,2017-12,http://www.snib.mx/snibgeoportal/Ejemplar.php?id=2d3ab439a35d0129e4d70cddb9514657,2d3ab439a35d0129e4d70cddb9514657,No,NoDisponible,,,,,,,
316,Peromyscus gratus,175029,-99.1301022,19.0658333,,False,4,15.71,Mammalia,Rodentia,Cricetidae,3086,Terrestre,1947,,2017-12,http://www.snib.mx/snibgeoportal/Ejemplar.php?id=2d48818df504e324378b11158951d87e,2d48818df504e324378b11158951d87e,Si,NoDisponible,No,Si,No,,,,
507,Peromyscus gratus,137100,-103.794543,23.576915,,False,4,18.1,Mammalia,Rodentia,Cricetidae,2140,Terrestre,1969,,2017-12,http://www.snib.mx/snibgeoportal/Ejemplar.php?id=2d68a10dabea5e60274ec50af0aa1d48,2d68a10dabea5e60274ec50af0aa1d48,No,NoDisponible,,,,,,,
644,Peromyscus gratus,184752,-97.7736111,17.8069444,,False,3,4.91,Mammalia,Rodentia,Cricetidae,1581,Terrestre,9999,,2017-12,http://www.snib.mx/snibgeoportal/Ejemplar.php?id=2df3b80a27e3181fa0da364adbc485a7,2df3b80a27e3181fa0da364adbc485a7,No,NoDisponible,,,,,,,
164,Peromyscus gratus,175055,-99.2167722,19.3233333,,False,4,21.09,Mammalia,Rodentia,Cricetidae,2398,Terrestre,1944,,2017-12,http://www.snib.mx/snibgeoportal/Ejemplar.php?id=2e5179d32b4ecadc27a587722e1aca80,2e5179d32b4ecadc27a587722e1aca80,No,NoDisponible,,,,,,,
718,Peromyscus gratus,165321,-100.4297222,19.1908333,,False,3,-11.01,Mammalia,Rodentia,Cricetidae,1078,Terrestre,9999,,2017-12,http://www.snib.mx/snibgeoportal/Ejemplar.php?id=2ea96f691f232a0f8451bcf4bffced45,2ea96f691f232a0f8451bcf4bffced45,Si,NoDisponible,No,Si,Si,,,,
655,Peromyscus gratus,184849,-98.24972,18.9275,,False,4,13.98,Mammalia,Rodentia,Cricetidae,2066,Terrestre,9999,SI,2017-12,http://www.snib.mx/snibgeoportal/Ejemplar.php?id=2f062a35b2a5ff40f9988f34b1b7bca7,2f062a35b2a5ff40f9988f34b1b7bca7,No,NoDisponible,,,,,,,
600,Peromyscus gratus,180058,-98.7166667,20.1,,False,5,33.04,Mammalia,Rodentia,Cricetidae,2417,Terrestre,9999,,2017-12,http://www.snib.mx/snibgeoportal/Ejemplar.php?id=2f06bf5379b31bb1961f2c42783ba9c0,2f06bf5379b31bb1961f2c42783ba9c0,No,NoDisponible,,,,,,,
533,Peromyscus gratus,109957,-107.494992,27.784533,,False,4,10.72,Mammalia,Rodentia,Cricetidae,2197,Terrestre,1968,,2017-12,http://www.snib.mx/snibgeoportal/Ejemplar.php?id=2f846a6b77e7a10fa5d1dbb67af617e6,2f846a6b77e7a10fa5d1dbb67af617e6,No,NoDisponible,,,,,,,
165,Peromyscus gratus,175055,-99.2167722,19.3233333,,False,4,21.09,Mammalia,Rodentia,Cricetidae,2398,Terrestre,1944,,2017-12,http://www.snib.mx/snibgeoportal/Ejemplar.php?id=2f9523c4465348d71d71303995c5b1f0,2f9523c4465348d71d71303995c5b1f0,No,NoDisponible,,,,,,,
136,Peromyscus gratus,175055,-99.2251054,19.3375,,False,4,21.09,Mammalia,Rodentia,Cricetidae,2438,Terrestre,1947,,2017-12,http://www.snib.mx/snibgeoportal/Ejemplar.php?id=318cc2982af502b563c19e5cdd2f9371,318cc2982af502b563c19e5cdd2f9371,No,NoDisponible,,,,,,,
680,Peromyscus gratus,127861,-104.9011111,24.4113889,,False,4,17.17,Mammalia,Rodentia,Cricetidae,2430,Terrestre,9999,,2017-12,http://www.snib.mx/snibgeoportal/Ejemplar.php?id=3216aa8477ef06ac77d6ae43c4ec367e,3216aa8477ef06ac77d6ae43c4ec367e,No,NoDisponible,,,,,,,
16,Peromyscus gratus,175052,-99.1862154,19.31,,False,4,22.99,Mammalia,Rodentia,Cricetidae,2307,Terrestre,1947,,2017-12,http://www.snib.mx/snibgeoportal/Ejemplar.php?id=322defbeb2b64271ad86e904380357d6,322defbeb2b64271ad86e904380357d6,No,NoDisponible,,,,,,,
394,Peromyscus gratus,175077,-99.166667,19.3205556,,False,4,17.79,Mammalia,Rodentia,Cricetidae,2291,Terrestre,9999,,2017-12,http://www.snib.mx/snibgeoportal/Ejemplar.php?id=3255c27758df58ea3f88aa7fd61968a5,3255c27758df58ea3f88aa7fd61968a5,No,NoDisponible,,,,,,,
77,Peromyscus gratus,175226,-98.9841667,20.6555556,,False,4,19.62,Mammalia,Rodentia,Cricetidae,1620,Terrestre,1992,,2017-12,http://www.snib.mx/snibgeoportal/Ejemplar.php?id=3316f228ab58044cfab65c7299c9500b,3316f228ab58044cfab65c7299c9500b,No,NoDisponible,,,,,,,
81,Peromyscus gratus,170417,-99.7333333,21.1,,False,5,34.29,Mammalia,Rodentia,Cricetidae,1710,Terrestre,1982,,2017-12,http://www.snib.mx/snibgeoportal/Ejemplar.php?id=3320cb35af63c6fae68ed9e804b1fadd,3320cb35af63c6fae68ed9e804b1fadd,No,NoDisponible,,,,,,,
766,Peromyscus gratus,127845,-104.9011111,24.1613889,,False,4,20.75,Mammalia,Rodentia,Cricetidae,2473,Terrestre,9999,,2017-12,http://www.snib.mx/snibgeoportal/Ejemplar.php?id=34397d35a4f4f0dfc49fe310e666e173,34397d35a4f4f0dfc49fe310e666e173,No,NoDisponible,,,,,,,
747,Peromyscus gratus,165504,-100.0458333,20.7863889,,False,4,16.71,Mammalia,Rodentia,Cricetidae,1903,Terrestre,9999,,2017-12,http://www.snib.mx/snibgeoportal/Ejemplar.php?id=34514f0d5a7d02146ec9d546261be564,34514f0d5a7d02146ec9d546261be564,No,NoDisponible,,,,,,,
395,Peromyscus gratus,175077,-99.166667,19.3205556,,False,4,17.79,Mammalia,Rodentia,Cricetidae,2291,Terrestre,9999,,2017-12,http://www.snib.mx/snibgeoportal/Ejemplar.php?id=34a372459182598aae62ba097e123f03,34a372459182598aae62ba097e123f03,No,NoDisponible,,,,,,,
458,Peromyscus gratus,155674,-101.6096022,19.5449329,,False,4,14.35,Mammalia,Rodentia,Cricetidae,2047,Terrestre,1947,,2017-12,http://www.snib.mx/snibgeoportal/Ejemplar.php?id=34fc9ecc76c5a0b49c372b8fdce20b9a,34fc9ecc76c5a0b49c372b8fdce20b9a,No,NoDisponible,,,,,,,
578,Peromyscus gratus,165467,-100.3895,20.5871667,,False,4,18.95,Mammalia,Rodentia,Cricetidae,1825,Terrestre,1952,,2017-12,http://www.snib.mx/snibgeoportal/Ejemplar.php?id=352a4dde472438e3bfa089853f0ab449,352a4dde472438e3bfa089853f0ab449,No,NoDisponible,,,,,,,
35,Peromyscus gratus,175052,-99.225,19.30833,,False,4,22.99,Mammalia,Rodentia,Cricetidae,2434,Terrestre,1892,,2017-12,http://www.snib.mx/snibgeoportal/Ejemplar.php?id=35471610c6d73fbcc62e9ebe4d844ef1,35471610c6d73fbcc62e9ebe4d844ef1,No,NoDisponible,,,,,,,
471,Peromyscus gratus,127773,-105.057994,23.896819,,False,4,14.9,Mammalia,Rodentia,Cricetidae,2562,Terrestre,9999,,2017-12,http://www.snib.mx/snibgeoportal/Ejemplar.php?id=354925e3b9ea3e971233c8e1d9516763,354925e3b9ea3e971233c8e1d9516763,No,NoDisponible,,,,,,,
151,Peromyscus gratus,175055,-99.1862154,19.3186111,,False,4,21.09,Mammalia,Rodentia,Cricetidae,2310,Terrestre,1947,,2017-12,http://www.snib.mx/snibgeoportal/Ejemplar.php?id=35eeb0142c65b31b301ac0c3a157b2e2,35eeb0142c65b31b301ac0c3a157b2e2,No,NoDisponible,,,,,,,
534,Peromyscus gratus,109957,-107.494992,27.784533,,False,4,10.72,Mammalia,Rodentia,Cricetidae,2197,Terrestre,1968,,2017-12,http://www.snib.mx/snibgeoportal/Ejemplar.php?id=35f3c043420b5bb88ec9e821856d69ce,35f3c043420b5bb88ec9e821856d69ce,No,NoDisponible,,,,,,,
455,Peromyscus gratus,170250,-99.8745663,19.7975,,False,4,20.68,Mammalia,Rodentia,Cricetidae,2583,Terrestre,1948,,2017-12,http://www.snib.mx/snibgeoportal/Ejemplar.php?id=362c9866973c26c03fafa85829bef8ac,362c9866973c26c03fafa85829bef8ac,No,NoDisponible,,,,,,,
36,Peromyscus gratus,175052,-99.225,19.30833,,False,4,22.99,Mammalia,Rodentia,Cricetidae,2434,Terrestre,1955,,2017-12,http://www.snib.mx/snibgeoportal/Ejemplar.php?id=367aeed11f97985332d3d8060a10428e,367aeed11f97985332d3d8060a10428e,No,NoDisponible,,,,,,,
63,Peromyscus gratus,141752,-103.0963889,22.925,,False,4,16.28,Mammalia,Rodentia,Cricetidae,2246,Terrestre,2009,,2017-12,http://www.snib.mx/snibgeoportal/Ejemplar.php?id=3732423e349cf8b2e4865ebdbc3339d2,3732423e349cf8b2e4865ebdbc3339d2,No,NoDisponible,,,,,,,
673,Peromyscus gratus,146502,-102.8680556,23.1747222,,False,4,11.76,Mammalia,Rodentia,Cricetidae,2179,Terrestre,9999,,2017-12,http://www.snib.mx/snibgeoportal/Ejemplar.php?id=374b7515ff1b89de3de562adccbf2ba8,374b7515ff1b89de3de562adccbf2ba8,No,NoDisponible,,,,,,,
592,Peromyscus gratus,123281,-105.72306,25.34333,,False,4,14.2,Mammalia,Rodentia,Cricetidae,1793,Terrestre,1965,,2017-12,http://www.snib.mx/snibgeoportal/Ejemplar.php?id=37ac7ad9b1c0a5f958b4fd9b5fa12e4b,37ac7ad9b1c0a5f958b4fd9b5fa12e4b,No,NoDisponible,,,,,,,
362,Peromyscus gratus,175077,-99.1495476,19.3341667,,False,4,17.79,Mammalia,Rodentia,Cricetidae,2252,Terrestre,1947,,2017-12,http://www.snib.mx/snibgeoportal/Ejemplar.php?id=37ddb407a397b7913acdb76e0bcefb4a,37ddb407a397b7913acdb76e0bcefb4a,No,NoDisponible,,,,,,,
102,Peromyscus gratus,170417,-99.7325,21.1047222,,False,5,34.29,Mammalia,Rodentia,Cricetidae,1798,Terrestre,9999,,2017-12,http://www.snib.mx/snibgeoportal/Ejemplar.php?id=39b0d96139e2940dfa60995464c27daa,39b0d96139e2940dfa60995464c27daa,No,NoDisponible,,,,,,,
783,Peromyscus gratus,114317,-106.775,26.7758333,,False,4,9.48,Mammalia,Rodentia,Cricetidae,2337,Terrestre,9999,,2017-12,http://www.snib.mx/snibgeoportal/Ejemplar.php?id=39ed1993dd93a3a3e94d659a5e103334,39ed1993dd93a3a3e94d659a5e103334,No,NoDisponible,,,,,,,
352,Peromyscus gratus,160551,-100.8167958,19.8686194,,False,4,21.81,Mammalia,Rodentia,Cricetidae,1943,Terrestre,1954,,2017-12,http://www.snib.mx/snibgeoportal/Ejemplar.php?id=3a3ce2387e0c66fe9046559df731e158,3a3ce2387e0c66fe9046559df731e158,No,NoDisponible,,,,,,,
567,Peromyscus gratus,127843,-104.786121,23.99015,,False,4,21.02,Mammalia,Rodentia,Cricetidae,2211,Terrestre,9999,,2017-12,http://www.snib.mx/snibgeoportal/Ejemplar.php?id=3abf6f1d47ebc1cbfe8c725602c89d42,3abf6f1d47ebc1cbfe8c725602c89d42,No,NoDisponible,,,,,,,
475,Peromyscus gratus,137056,-103.797461,23.458764,,False,5,26.04,Mammalia,Rodentia,Cricetidae,2466,Terrestre,1970,,2017-12,http://www.snib.mx/snibgeoportal/Ejemplar.php?id=3abfa84bb98777f053d8b0cbd956854e,3abfa84bb98777f053d8b0cbd956854e,No,NoDisponible,,,,,,,
250,Peromyscus gratus,175205,-99.1406632,20.4111111,,False,3,5.65,Mammalia,Rodentia,Cricetidae,1951,Terrestre,1946,,2017-12,http://www.snib.mx/snibgeoportal/Ejemplar.php?id=3b23ee14cf7b0726191020a50fff5a86,3b23ee14cf7b0726191020a50fff5a86,No,NoDisponible,,,,,,,
656,Peromyscus gratus,160555,-100.656531,19.780944,,False,4,21.16,Mammalia,Rodentia,Cricetidae,2865,Terrestre,9999,,2017-12,http://www.snib.mx/snibgeoportal/Ejemplar.php?id=3beea57013faaa824fd5a4ad18a2e766,3beea57013faaa824fd5a4ad18a2e766,No,NoDisponible,,,,,,,
82,Peromyscus gratus,170417,-99.7333333,21.1,,False,5,34.29,Mammalia,Rodentia,Cricetidae,1710,Terrestre,1982,,2017-12,http://www.snib.mx/snibgeoportal/Ejemplar.php?id=3c3907531a6d4b43d7532454c1c924d7,3c3907531a6d4b43d7532454c1c924d7,No,NoDisponible,,,,,,,
44,Peromyscus gratus,175052,-99.225,19.3083333,,False,4,22.99,Mammalia,Rodentia,Cricetidae,2434,Terrestre,9999,,2017-12,http://www.snib.mx/snibgeoportal/Ejemplar.php?id=3c7f967e15eb55f0a424368e294d0d6e,3c7f967e15eb55f0a424368e294d0d6e,No,NoDisponible,,,,,,,
485,Peromyscus gratus,137100,-103.798939,23.575243,,False,4,18.1,Mammalia,Rodentia,Cricetidae,2131,Terrestre,1969,,2017-12,http://www.snib.mx/snibgeoportal/Ejemplar.php?id=3cb4436ad0eebc6754ff4b37b013e782,3cb4436ad0eebc6754ff4b37b013e782,No,NoDisponible,,,,,,,
508,Peromyscus gratus,137100,-103.794543,23.576915,,False,4,18.1,Mammalia,Rodentia,Cricetidae,2140,Terrestre,1969,,2017-12,http://www.snib.mx/snibgeoportal/Ejemplar.php?id=3cbd8943ae6ef764507ab57c372fda45,3cbd8943ae6ef764507ab57c372fda45,No,NoDisponible,,,,,,,
678,Peromyscus gratus,156400,-101.1958333,25.2722222,,False,4,7.18,Mammalia,Rodentia,Cricetidae,1845,Terrestre,9999,,2017-12,http://www.snib.mx/snibgeoportal/Ejemplar.php?id=3ceeac26e84a970a9474a9d2e7eacb73,3ceeac26e84a970a9474a9d2e7eacb73,Si,NoDisponible,No,Si,Si,,,,
112,Peromyscus gratus,170312,-99.9333333,20.4833333,,False,4,14.73,Mammalia,Rodentia,Cricetidae,1886,Terrestre,1984,,2017-12,http://www.snib.mx/snibgeoportal/Ejemplar.php?id=3d026ca08a44f7cf051ac0a501e61958,3d026ca08a44f7cf051ac0a501e61958,No,NoDisponible,,,,,,,
166,Peromyscus gratus,175055,-99.2167722,19.3233333,,False,4,21.09,Mammalia,Rodentia,Cricetidae,2398,Terrestre,1944,,2017-12,http://www.snib.mx/snibgeoportal/Ejemplar.php?id=3e06eba9c61669f66ab545a603277073,3e06eba9c61669f66ab545a603277073,No,NoDisponible,,,,,,,
23,Peromyscus gratus,175052,-99.225,19.3083333,,False,4,22.99,Mammalia,Rodentia,Cricetidae,2434,Terrestre,9999,,2017-12,http://www.snib.mx/snibgeoportal/Ejemplar.php?id=3e348128d8508f3147cdc790bf85e4c4,3e348128d8508f3147cdc790bf85e4c4,No,NoDisponible,,,,,,,
53,Peromyscus gratus,175167,-98.9513889,20.1613889,,False,4,17.15,Mammalia,Rodentia,Cricetidae,2159,Terrestre,1993,,2017-12,http://www.snib.mx/snibgeoportal/Ejemplar.php?id=3e5107a60381ba5f616d7c33db7188ea,3e5107a60381ba5f616d7c33db7188ea,No,NoDisponible,,,,,,,
465,Peromyscus gratus,165378,-100.5423381,19.813408,,False,4,21.05,Mammalia,Rodentia,Cricetidae,2621,Terrestre,1949,,2017-12,http://www.snib.mx/snibgeoportal/Ejemplar.php?id=3e869597fe4e98818dddc4ae51598115,3e869597fe4e98818dddc4ae51598115,No,NoDisponible,,,,,,,
685,Peromyscus gratus,132293,-104.6141667,22.5641667,,True,2,-22.58,Mammalia,Rodentia,Cricetidae,1393,Terrestre,9999,,2017-12,http://www.snib.mx/snibgeoportal/Ejemplar.php?id=3ef576e2ff93e268b9d46e76abf9ea22,3ef576e2ff93e268b9d46e76abf9ea22,No,NoDisponible,,,,,,,
57,Peromyscus gratus,175213,-99.0180194,20.4322444,,False,4,19.35,Mammalia,Rodentia,Cricetidae,2343,Terrestre,1992,,2017-12,http://www.snib.mx/snibgeoportal/Ejemplar.php?id=3f01fc876520e6c1f245f0c81ed7fb95,3f01fc876520e6c1f245f0c81ed7fb95,No,NoDisponible,,,,,,,
595,Peromyscus gratus,175056,-99.177114,19.404006,,False,4,19.49,Mammalia,Rodentia,Cricetidae,2254,Terrestre,9999,,2017-12,http://www.snib.mx/snibgeoportal/Ejemplar.php?id=3f23824b01dc73f44fab0429d63991bd,3f23824b01dc73f44fab0429d63991bd,No,NoDisponible,,,,,,,
244,Peromyscus gratus,175053,-99.2751065,19.3272222,,False,4,22.53,Mammalia,Rodentia,Cricetidae,2754,Terrestre,1947,,2017-12,http://www.snib.mx/snibgeoportal/Ejemplar.php?id=3f411d3785a49046d0ed374dfd42b2b4,3f411d3785a49046d0ed374dfd42b2b4,No,NoDisponible,,,,,,,
225,Peromyscus gratus,175055,-99.19119,19.331047,,False,4,21.09,Mammalia,Rodentia,Cricetidae,2298,Terrestre,9999,SI,2017-12,http://www.snib.mx/snibgeoportal/Ejemplar.php?id=3f7316457d47266fa468d323ad109810,3f7316457d47266fa468d323ad109810,No,NoDisponible,,,,,,,
396,Peromyscus gratus,175077,-99.166667,19.3205556,,False,4,17.79,Mammalia,Rodentia,Cricetidae,2291,Terrestre,9999,,2017-12,http://www.snib.mx/snibgeoportal/Ejemplar.php?id=3f98fed89bca00a23b83eb41a51e06c3,3f98fed89bca00a23b83eb41a51e06c3,No,NoDisponible,,,,,,,
579,Peromyscus gratus,165467,-100.3895,20.5871667,,False,4,18.95,Mammalia,Rodentia,Cricetidae,1825,Terrestre,1952,,2017-12,http://www.snib.mx/snibgeoportal/Ejemplar.php?id=4186eb990ed0c135d12825a82067a664,4186eb990ed0c135d12825a82067a664,No,NoDisponible,,,,,,,
300,Peromyscus gratus,160508,-100.6558599,19.5593,,False,4,13.05,Mammalia,Rodentia,Cricetidae,2725,Terrestre,1954,,2017-12,http://www.snib.mx/snibgeoportal/Ejemplar.php?id=41cf72622a1df712e445126ac00ddac2,41cf72622a1df712e445126ac00ddac2,No,NoDisponible,,,,,,,
671,Peromyscus gratus,137097,-103.88167,23.47444,,False,5,26.78,Mammalia,Rodentia,Cricetidae,2291,Terrestre,9999,,2017-12,http://www.snib.mx/snibgeoportal/Ejemplar.php?id=421e4dc02d71989f2da8f7bcbaff2735,421e4dc02d71989f2da8f7bcbaff2735,No,NoDisponible,,,,,,,
535,Peromyscus gratus,109957,-107.494992,27.784533,,False,4,10.72,Mammalia,Rodentia,Cricetidae,2197,Terrestre,1968,,2017-12,http://www.snib.mx/snibgeoportal/Ejemplar.php?id=427d77131d4305001eb626c6c271f936,427d77131d4305001eb626c6c271f936,No,NoDisponible,,,,,,,
509,Peromyscus gratus,137100,-103.794543,23.576915,,False,4,18.1,Mammalia,Rodentia,Cricetidae,2140,Terrestre,1969,,2017-12,http://www.snib.mx/snibgeoportal/Ejemplar.php?id=428bd8035974a2ad0f95ab0ae5ba9234,428bd8035974a2ad0f95ab0ae5ba9234,No,NoDisponible,,,,,,,
167,Peromyscus gratus,175055,-99.2167722,19.3233333,,False,4,21.09,Mammalia,Rodentia,Cricetidae,2398,Terrestre,1944,,2017-12,http://www.snib.mx/snibgeoportal/Ejemplar.php?id=42be1b92bb4407297cb2e4a527b0bab7,42be1b92bb4407297cb2e4a527b0bab7,No,NoDisponible,,,,,,,
46,Peromyscus gratus,175051,-99.2077789,19.233055,,False,4,16.74,Mammalia,Rodentia,Cricetidae,2913,Terrestre,1948,,2017-12,http://www.snib.mx/snibgeoportal/Ejemplar.php?id=43d5765bef35d6a7b63a12e370e899d1,43d5765bef35d6a7b63a12e370e899d1,No,NoDisponible,,,,,,,
72,Peromyscus gratus,141750,-103.1297222,22.9261111,,False,4,21.87,Mammalia,Rodentia,Cricetidae,2294,Terrestre,2009,,2017-12,http://www.snib.mx/snibgeoportal/Ejemplar.php?id=44751b3c30a67a1aadadec7934841260,44751b3c30a67a1aadadec7934841260,No,NoDisponible,,,,,,,
37,Peromyscus gratus,175052,-99.225,19.30833,,False,4,22.99,Mammalia,Rodentia,Cricetidae,2434,Terrestre,1892,,2017-12,http://www.snib.mx/snibgeoportal/Ejemplar.php?id=44d6fbb2db8870bc5b8c4ce31a08198a,44d6fbb2db8870bc5b8c4ce31a08198a,No,NoDisponible,,,,,,,
168,Peromyscus gratus,175055,-99.2167722,19.3233333,,False,4,21.09,Mammalia,Rodentia,Cricetidae,2398,Terrestre,1944,,2017-12,http://www.snib.mx/snibgeoportal/Ejemplar.php?id=44ef4d10907950db83ce827c41402a1d,44ef4d10907950db83ce827c41402a1d,No,NoDisponible,,,,,,,
410,Peromyscus gratus,175077,-99.1666666,19.319,,False,4,17.79,Mammalia,Rodentia,Cricetidae,2296,Terrestre,2006,SI,2017-12,http://www.snib.mx/snibgeoportal/Ejemplar.php?id=44f4a0d0d2d4c4d82a51b658e573f26f,44f4a0d0d2d4c4d82a51b658e573f26f,No,NoDisponible,,,,,,,
454,Peromyscus gratus,160503,-100.7729229,19.62,,False,4,23.43,Mammalia,Rodentia,Cricetidae,2494,Terrestre,1948,,2017-12,http://www.snib.mx/snibgeoportal/Ejemplar.php?id=44fd78909dadb91981d5e2e0f57559c5,44fd78909dadb91981d5e2e0f57559c5,No,NoDisponible,,,,,,,
73,Peromyscus gratus,141750,-103.1297222,22.9261111,,False,4,21.87,Mammalia,Rodentia,Cricetidae,2294,Terrestre,2009,,2017-12,http://www.snib.mx/snibgeoportal/Ejemplar.php?id=4581ccae4a2d7ba4aaa8ef4d4e9fbffb,4581ccae4a2d7ba4aaa8ef4d4e9fbffb,No,NoDisponible,,,,,,,
753,Peromyscus gratus,165578,-100.4108333,21.425,,False,4,11.77,Mammalia,Rodentia,Cricetidae,2095,Terrestre,9999,,2017-12,http://www.snib.mx/snibgeoportal/Ejemplar.php?id=45897dc52855453acfacc0bccfe9b4d1,45897dc52855453acfacc0bccfe9b4d1,No,NoDisponible,,,,,,,
169,Peromyscus gratus,175055,-99.2167722,19.3233333,,False,4,21.09,Mammalia,Rodentia,Cricetidae,2398,Terrestre,1944,,2017-12,http://www.snib.mx/snibgeoportal/Ejemplar.php?id=45ad2c34e9b090aef8ebfbf4bb430fff,45ad2c34e9b090aef8ebfbf4bb430fff,No,NoDisponible,,,,,,,
353,Peromyscus gratus,160551,-100.8167958,19.8686194,,False,4,21.81,Mammalia,Rodentia,Cricetidae,1943,Terrestre,1954,,2017-12,http://www.snib.mx/snibgeoportal/Ejemplar.php?id=460579b3d012484b5b9726f728a943d2,460579b3d012484b5b9726f728a943d2,No,NoDisponible,,,,,,,
280,Peromyscus gratus,175074,-99.150483,19.311711,,False,4,21.87,Mammalia,Rodentia,Cricetidae,2263,Terrestre,1947,,2017-12,http://www.snib.mx/snibgeoportal/Ejemplar.php?id=4646bece59612d12e602d4120e4af342,4646bece59612d12e602d4120e4af342,No,NoDisponible,,,,,,,
301,Peromyscus gratus,160508,-100.6558599,19.5593,,False,4,13.05,Mammalia,Rodentia,Cricetidae,2725,Terrestre,1954,,2017-12,http://www.snib.mx/snibgeoportal/Ejemplar.php?id=464815b700a680ee6717bad0ca495f54,464815b700a680ee6717bad0ca495f54,No,NoDisponible,,,,,,,
105,Peromyscus gratus,170369,-100.0258333,20.8288889,,False,4,7.74,Mammalia,Rodentia,Cricetidae,1938,Terrestre,1984,,2017-12,http://www.snib.mx/snibgeoportal/Ejemplar.php?id=47093d118c6895d9fade1a83a7d88001,47093d118c6895d9fade1a83a7d88001,No,NoDisponible,,,,,,,
580,Peromyscus gratus,165467,-100.3895,20.5871667,,False,4,18.95,Mammalia,Rodentia,Cricetidae,1825,Terrestre,1952,,2017-12,http://www.snib.mx/snibgeoportal/Ejemplar.php?id=47499960e9eb3bd9d23727bce986607b,47499960e9eb3bd9d23727bce986607b,No,NoDisponible,,,,,,,
587,Peromyscus gratus,151204,-101.9366452,21.9481405,,False,4,16.78,Mammalia,Rodentia,Cricetidae,2107,Terrestre,2010,,2017-12,http://www.snib.mx/snibgeoportal/Ejemplar.php?id=474ee808740e30fe86a5f2b4d1bfe45b,474ee808740e30fe86a5f2b4d1bfe45b,No,NoDisponible,,,,,,,
602,Peromyscus gratus,180058,-98.7166667,20.1,,False,5,33.04,Mammalia,Rodentia,Cricetidae,2417,Terrestre,9999,,2017-12,http://www.snib.mx/snibgeoportal/Ejemplar.php?id=47b35c6e5b0e5297397cac54c4c69e62,47b35c6e5b0e5297397cac54c4c69e62,No,NoDisponible,,,,,,,
486,Peromyscus gratus,137100,-103.798939,23.575243,,False,4,18.1,Mammalia,Rodentia,Cricetidae,2131,Terrestre,1969,,2017-12,http://www.snib.mx/snibgeoportal/Ejemplar.php?id=47ea0aff10a030a9fe0fe0920a9f46fe,47ea0aff10a030a9fe0fe0920a9f46fe,No,NoDisponible,,,,,,,
639,Peromyscus gratus,175068,-99.1947222,19.5366667,,False,4,17.55,Mammalia,Rodentia,Cricetidae,2256,Terrestre,9999,,2017-12,http://www.snib.mx/snibgeoportal/Ejemplar.php?id=48718280ae1081e587e7057a5977005d,48718280ae1081e587e7057a5977005d,No,NoDisponible,,,,,,,
278,Peromyscus gratus,175074,-99.1501034,19.2841667,,False,4,21.87,Mammalia,Rodentia,Cricetidae,2259,Terrestre,1947,,2017-12,http://www.snib.mx/snibgeoportal/Ejemplar.php?id=48b004ccb91b7f83de9c9aa1cff3e188,48b004ccb91b7f83de9c9aa1cff3e188,No,NoDisponible,,,,,,,
787,Peromyscus gratus,170200,-99.9511111,19.7125,,False,4,20.85,Mammalia,Rodentia,Cricetidae,2569,Terrestre,9999,,2017-12,http://www.snib.mx/snibgeoportal/Ejemplar.php?id=48f5eb344f85494e28e386b516fb40fd,48f5eb344f85494e28e386b516fb40fd,No,NoDisponible,,,,,,,
342,Peromyscus gratus,180066,-98.5578693,19.8127778,,False,5,28.94,Mammalia,Rodentia,Cricetidae,2514,Terrestre,1952,,2017-12,http://www.snib.mx/snibgeoportal/Ejemplar.php?id=4928b6d4b63a51155e3536302eaec9e5,4928b6d4b63a51155e3536302eaec9e5,No,NoDisponible,,,,,,,
677,Peromyscus gratus,189695,-97.2333333,17.4666667,,False,4,17.67,Mammalia,Rodentia,Cricetidae,2120,Terrestre,9999,,2017-12,http://www.snib.mx/snibgeoportal/Ejemplar.php?id=493148eb11555a0d91ea22c32576ac1a,493148eb11555a0d91ea22c32576ac1a,No,NoDisponible,,,,,,,
170,Peromyscus gratus,175055,-99.2167722,19.3233333,,False,4,21.09,Mammalia,Rodentia,Cricetidae,2398,Terrestre,1947,,2017-12,http://www.snib.mx/snibgeoportal/Ejemplar.php?id=49602753125d64d574715f4011249e2e,49602753125d64d574715f4011249e2e,No,NoDisponible,,,,,,,
343,Peromyscus gratus,180066,-98.5578693,19.8127778,,False,5,28.94,Mammalia,Rodentia,Cricetidae,2514,Terrestre,1952,,2017-12,http://www.snib.mx/snibgeoportal/Ejemplar.php?id=49ec02142b67e33e76f77f0bc65dfbe7,49ec02142b67e33e76f77f0bc65dfbe7,No,NoDisponible,,,,,,,
536,Peromyscus gratus,109957,-107.494992,27.784533,,False,4,10.72,Mammalia,Rodentia,Cricetidae,2197,Terrestre,1968,,2017-12,http://www.snib.mx/snibgeoportal/Ejemplar.php?id=49f42d3a745e5139d6d77e10df35fcb6,49f42d3a745e5139d6d77e10df35fcb6,No,NoDisponible,,,,,,,
751,Peromyscus gratus,105401,-107.63,26.875,,False,3,-9.36,Mammalia,Rodentia,Cricetidae,1675,Terrestre,9999,,2017-12,http://www.snib.mx/snibgeoportal/Ejemplar.php?id=49f743a0cc46009d2e25a05fda69b337,49f743a0cc46009d2e25a05fda69b337,No,NoDisponible,,,,,,,
648,Peromyscus gratus,146161,-102.5663889,20.0016667,,False,3,3.58,Mammalia,Rodentia,Cricetidae,1732,Terrestre,9999,,2017-12,http://www.snib.mx/snibgeoportal/Ejemplar.php?id=4a9ea200f2b387c804a7ed25158c4e48,4a9ea200f2b387c804a7ed25158c4e48,No,NoDisponible,,,,,,,
537,Peromyscus gratus,109957,-107.494992,27.784533,,False,4,10.72,Mammalia,Rodentia,Cricetidae,2197,Terrestre,1968,,2017-12,http://www.snib.mx/snibgeoportal/Ejemplar.php?id=4abb9656c016a195d396e19f5415b725,4abb9656c016a195d396e19f5415b725,No,NoDisponible,,,,,,,
344,Peromyscus gratus,180066,-98.5578693,19.8127778,,False,5,28.94,Mammalia,Rodentia,Cricetidae,2514,Terrestre,1952,,2017-12,http://www.snib.mx/snibgeoportal/Ejemplar.php?id=4b2e8a53b36f370784f4a834b3d00b92,4b2e8a53b36f370784f4a834b3d00b92,No,NoDisponible,,,,,,,
563,Peromyscus gratus,141906,-103.431143,24.357725,,False,4,8.64,Mammalia,Rodentia,Cricetidae,1899,Terrestre,1970,,2017-12,http://www.snib.mx/snibgeoportal/Ejemplar.php?id=4b95e4d2c788a4d254d22f27a104d9ca,4b95e4d2c788a4d254d22f27a104d9ca,Si,NoDisponible,No,Si,Si,,,,
604,Peromyscus gratus,180058,-98.7166667,20.1,,False,5,33.04,Mammalia,Rodentia,Cricetidae,2417,Terrestre,9999,,2017-12,http://www.snib.mx/snibgeoportal/Ejemplar.php?id=4be7dfdf01eaf8684fd239d3a491b09b,4be7dfdf01eaf8684fd239d3a491b09b,No,NoDisponible,,,,,,,
623,Peromyscus gratus,101362,-108.3380556,29.9741667,,False,4,10.82,Mammalia,Rodentia,Cricetidae,2153,Terrestre,9999,SI,2017-12,http://www.snib.mx/snibgeoportal/Ejemplar.php?id=4bf89a9060d8602ee8aa7c77f941a609,4bf89a9060d8602ee8aa7c77f941a609,No,NoDisponible,,,,,,,
701,Peromyscus gratus,105811,-107.9488889,30.3786111,,False,3,-11.34,Mammalia,Rodentia,Cricetidae,1471,Terrestre,9999,,2017-12,http://www.snib.mx/snibgeoportal/Ejemplar.php?id=4c27eb10b76dc48f6fb456095e94ccb0,4c27eb10b76dc48f6fb456095e94ccb0,No,NoDisponible,,,,,,,
13,Peromyscus gratus,175052,-99.1953825,19.2763889,,False,4,22.99,Mammalia,Rodentia,Cricetidae,2462,Terrestre,1947,,2017-12,http://www.snib.mx/snibgeoportal/Ejemplar.php?id=4cd2d128ccf5840ca79d7b6fdd259493,4cd2d128ccf5840ca79d7b6fdd259493,No,NoDisponible,,,,,,,
171,Peromyscus gratus,175055,-99.2167722,19.3233333,,False,4,21.09,Mammalia,Rodentia,Cricetidae,2398,Terrestre,1944,,2017-12,http://www.snib.mx/snibgeoportal/Ejemplar.php?id=4cdf5f17271f0d8b3f6f9fc17c7d052d,4cdf5f17271f0d8b3f6f9fc17c7d052d,No,NoDisponible,,,,,,,
271,Peromyscus gratus,175073,-99.1069444,19.2155556,,False,4,22.57,Mammalia,Rodentia,Cricetidae,2461,Terrestre,9999,,2017-12,http://www.snib.mx/snibgeoportal/Ejemplar.php?id=4d18498ee5b49f7462250c6f24d3fa28,4d18498ee5b49f7462250c6f24d3fa28,No,NoDisponible,,,,,,,
337,Peromyscus gratus,146236,-102.400835,20.65281,,False,4,9,Mammalia,Rodentia,Cricetidae,1958,Terrestre,1954,,2017-12,http://www.snib.mx/snibgeoportal/Ejemplar.php?id=4eac0772c9e7bd0f25c512eec0ea8380,4eac0772c9e7bd0f25c512eec0ea8380,No,NoDisponible,,,,,,,
572,Peromyscus gratus,189798,-97.4421687,18.3564017,,False,3,-1.88,Mammalia,Rodentia,Cricetidae,1676,Terrestre,2000,,2017-12,http://www.snib.mx/snibgeoportal/Ejemplar.php?id=4ebd3794f65173fa0f3f26b1ca9324c9,4ebd3794f65173fa0f3f26b1ca9324c9,Si,NoDisponible,No,Si,Si,,,,
785,Peromyscus gratus,180041,-98.6958333,19.7819444,,False,4,17.93,Mammalia,Rodentia,Cricetidae,2431,Terrestre,9999,,2017-12,http://www.snib.mx/snibgeoportal/Ejemplar.php?id=4ec07169142d9ff37757967273e61bd6,4ec07169142d9ff37757967273e61bd6,No,NoDisponible,,,,,,,
538,Peromyscus gratus,109957,-107.494992,27.784533,,False,4,10.72,Mammalia,Rodentia,Cricetidae,2197,Terrestre,1968,,2017-12,http://www.snib.mx/snibgeoportal/Ejemplar.php?id=4eebe4a762c00b26b63f89b7b63da35f,4eebe4a762c00b26b63f89b7b63da35f,No,NoDisponible,,,,,,,
172,Peromyscus gratus,175055,-99.2167722,19.3233333,,False,4,21.09,Mammalia,Rodentia,Cricetidae,2398,Terrestre,1944,,2017-12,http://www.snib.mx/snibgeoportal/Ejemplar.php?id=4f6397f83bb506b84c8ebcb1f2ea1aa8,4f6397f83bb506b84c8ebcb1f2ea1aa8,No,NoDisponible,,,,,,,
83,Peromyscus gratus,170417,-99.7333333,21.1,,False,5,34.29,Mammalia,Rodentia,Cricetidae,1710,Terrestre,1983,,2017-12,http://www.snib.mx/snibgeoportal/Ejemplar.php?id=4fa347f3a5b552b4e78973cc1a11793b,4fa347f3a5b552b4e78973cc1a11793b,No,NoDisponible,,,,,,,
657,Peromyscus gratus,160555,-100.656531,19.780944,,False,4,21.16,Mammalia,Rodentia,Cricetidae,2865,Terrestre,9999,,2017-12,http://www.snib.mx/snibgeoportal/Ejemplar.php?id=4feb4be6bf6fc5981aa33d73215e6b74,4feb4be6bf6fc5981aa33d73215e6b74,No,NoDisponible,,,,,,,
789,Peromyscus gratus,160668,-100.9327778,21.155,,False,4,13.87,Mammalia,Rodentia,Cricetidae,1926,Terrestre,9999,,2017-12,http://www.snib.mx/snibgeoportal/Ejemplar.php?id=4ff39226cd4298cc429c50104d98b0ac,4ff39226cd4298cc429c50104d98b0ac,No,NoDisponible,,,,,,,
126,Peromyscus gratus,127849,-104.7322222,24.0130556,,False,4,16.75,Mammalia,Rodentia,Cricetidae,1917,Terrestre,1990,,2017-12,http://www.snib.mx/snibgeoportal/Ejemplar.php?id=5003d4b33fd7a5bcde1360f5e93aa9ec,5003d4b33fd7a5bcde1360f5e93aa9ec,No,NoDisponible,,,,,,,
608,Peromyscus gratus,137326,-103.6055556,25.2686111,,True,2,-25.67,Mammalia,Rodentia,Cricetidae,1377,Terrestre,9999,,2017-12,http://www.snib.mx/snibgeoportal/Ejemplar.php?id=50351dd4491d78a19dcf44025bac8fa7,50351dd4491d78a19dcf44025bac8fa7,Si,NoDisponible,No,No,Si,,,,
515,Peromyscus gratus,127800,-104.782069,23.986394,,False,4,19.12,Mammalia,Rodentia,Cricetidae,2221,Terrestre,9999,,2017-12,http://www.snib.mx/snibgeoportal/Ejemplar.php?id=50b315edb52fed7160de16a84ae34b0c,50b315edb52fed7160de16a84ae34b0c,No,NoDisponible,,,,,,,
689,Peromyscus gratus,155678,-101.6094444,19.6658333,,False,4,18.7,Mammalia,Rodentia,Cricetidae,2031,Terrestre,9999,,2017-12,http://www.snib.mx/snibgeoportal/Ejemplar.php?id=50d8263af383f3a5718ee73873a2ce51,50d8263af383f3a5718ee73873a2ce51,No,NoDisponible,,,,,,,
460,Peromyscus gratus,160517,-101.1398726,19.9104041,,False,4,13.35,Mammalia,Rodentia,Cricetidae,1929,Terrestre,1947,,2017-12,http://www.snib.mx/snibgeoportal/Ejemplar.php?id=516fed47c18e4e4451914636469df6ce,516fed47c18e4e4451914636469df6ce,No,NoDisponible,,,,,,,
127,Peromyscus gratus,127849,-104.7322222,24.0130556,,False,4,16.75,Mammalia,Rodentia,Cricetidae,1917,Terrestre,1990,,2017-12,http://www.snib.mx/snibgeoportal/Ejemplar.php?id=51877f78687ddc2a9a80eed05bdfe5a1,51877f78687ddc2a9a80eed05bdfe5a1,No,NoDisponible,,,,,,,
539,Peromyscus gratus,109957,-107.494992,27.784533,,False,4,10.72,Mammalia,Rodentia,Cricetidae,2197,Terrestre,1968,,2017-12,http://www.snib.mx/snibgeoportal/Ejemplar.php?id=51c30293eb43e00cd2f9a531046acd34,51c30293eb43e00cd2f9a531046acd34,No,NoDisponible,,,,,,,
780,Peromyscus gratus,119473,-106.0341667,31.3794444,,True,0,-70.26,Mammalia,Rodentia,Cricetidae,1084,Terrestre,9999,,2017-12,http://www.snib.mx/snibgeoportal/Ejemplar.php?id=5207cc5be0ba912a7a26312e7381a1a5,5207cc5be0ba912a7a26312e7381a1a5,Si,NoDisponible,No,No,Si,,,,
483,Peromyscus gratus,137232,-103.84056,24.73722,,False,3,5.36,Mammalia,Rodentia,Cricetidae,1911,Terrestre,1957,,2017-12,http://www.snib.mx/snibgeoportal/Ejemplar.php?id=52359bd58e21bc849c6df38dc62a3abf,52359bd58e21bc849c6df38dc62a3abf,Si,NoDisponible,No,No,Si,,,,
672,Peromyscus gratus,175148,-98.9011111,19.8269444,,False,4,15.1,Mammalia,Rodentia,Cricetidae,2350,Terrestre,9999,,2017-12,http://www.snib.mx/snibgeoportal/Ejemplar.php?id=526b2c8c40e0f990fe2a68f69da932d0,526b2c8c40e0f990fe2a68f69da932d0,No,NoDisponible,,,,,,,
760,Peromyscus gratus,101162,-108.1666667,28.2333333,,False,4,9.64,Mammalia,Rodentia,Cricetidae,2350,Terrestre,9999,,2017-12,http://www.snib.mx/snibgeoportal/Ejemplar.php?id=52bf7736986f2e66c0910cf81ff5786b,52bf7736986f2e66c0910cf81ff5786b,No,NoDisponible,,,,,,,
650,Peromyscus gratus,101095,-108.235,27.7488889,,False,3,-14.1,Mammalia,Rodentia,Cricetidae,2139,Terrestre,9999,,2017-12,http://www.snib.mx/snibgeoportal/Ejemplar.php?id=535d6f5f63a47b02068c300d838664cb,535d6f5f63a47b02068c300d838664cb,No,NoDisponible,,,,,,,
47,Peromyscus gratus,175051,-99.2077789,19.233055,,False,4,16.74,Mammalia,Rodentia,Cricetidae,2913,Terrestre,1948,,2017-12,http://www.snib.mx/snibgeoportal/Ejemplar.php?id=539b6d3021e84759715e35440349904b,539b6d3021e84759715e35440349904b,No,NoDisponible,,,,,,,
325,Peromyscus gratus,146200,-102.7818835,20.7960911,,False,3,4.37,Mammalia,Rodentia,Cricetidae,1749,Terrestre,1954,,2017-12,http://www.snib.mx/snibgeoportal/Ejemplar.php?id=53d97eb9fbd70bd1e7b770cdaa1fdb08,53d97eb9fbd70bd1e7b770cdaa1fdb08,No,NoDisponible,,,,,,,
636,Peromyscus gratus,137018,-103.5677778,22.7702778,,False,4,14.82,Mammalia,Rodentia,Cricetidae,1898,Terrestre,9999,,2017-12,http://www.snib.mx/snibgeoportal/Ejemplar.php?id=5445bbc72c45d81f820e4af71c91ef97,5445bbc72c45d81f820e4af71c91ef97,No,NoDisponible,,,,,,,
719,Peromyscus gratus,155886,-101.3041667,21.0147222,,False,4,20.25,Mammalia,Rodentia,Cricetidae,2122,Terrestre,9999,,2017-12,http://www.snib.mx/snibgeoportal/Ejemplar.php?id=548912d66bd0789f6342b39332482a0a,548912d66bd0789f6342b39332482a0a,No,NoDisponible,,,,,,,
289,Peromyscus gratus,199453,-96.4080872,16.9222222,,False,4,9.24,Mammalia,Rodentia,Cricetidae,1645,Terrestre,1955,,2017-12,http://www.snib.mx/snibgeoportal/Ejemplar.php?id=54e1aa107c43462c08eb3108ad30c4d7,54e1aa107c43462c08eb3108ad30c4d7,No,NoDisponible,,,,,,,
101,Peromyscus gratus,170417,-99.6925,21.0969444,,False,5,34.29,Mammalia,Rodentia,Cricetidae,2246,Terrestre,9999,,2017-12,http://www.snib.mx/snibgeoportal/Ejemplar.php?id=54fda1f12fa319a09477b885e2921dd6,54fda1f12fa319a09477b885e2921dd6,No,NoDisponible,,,,,,,
487,Peromyscus gratus,137100,-103.798939,23.575243,,False,4,18.1,Mammalia,Rodentia,Cricetidae,2131,Terrestre,1969,,2017-12,http://www.snib.mx/snibgeoportal/Ejemplar.php?id=5549171d7ec3fb4c980c81bfa9a21ce7,5549171d7ec3fb4c980c81bfa9a21ce7,No,NoDisponible,,,,,,,
397,Peromyscus gratus,175077,-99.166667,19.3205556,,False,4,17.79,Mammalia,Rodentia,Cricetidae,2291,Terrestre,9999,,2017-12,http://www.snib.mx/snibgeoportal/Ejemplar.php?id=56be8baaeef90274f9dbef771a38d681,56be8baaeef90274f9dbef771a38d681,No,NoDisponible,,,,,,,
791,Peromyscus gratus,166033,-100.5791667,25.3388889,,False,4,24.73,Mammalia,Rodentia,Cricetidae,2716,Terrestre,9999,,2017-12,http://www.snib.mx/snibgeoportal/Ejemplar.php?id=56f7f40733cdc53259d37b3e30db0ac2,56f7f40733cdc53259d37b3e30db0ac2,No,NoDisponible,,,,,,,
84,Peromyscus gratus,170417,-99.7333333,21.1,,False,5,34.29,Mammalia,Rodentia,Cricetidae,1710,Terrestre,1983,,2017-12,http://www.snib.mx/snibgeoportal/Ejemplar.php?id=576a89b7d48040f65c18f80012161439,576a89b7d48040f65c18f80012161439,No,NoDisponible,,,,,,,
290,Peromyscus gratus,199453,-96.4080872,16.9222222,,False,4,9.24,Mammalia,Rodentia,Cricetidae,1645,Terrestre,1955,,2017-12,http://www.snib.mx/snibgeoportal/Ejemplar.php?id=577e7ffe8d71c85c628dee430b3fbf57,577e7ffe8d71c85c628dee430b3fbf57,No,NoDisponible,,,,,,,
663,Peromyscus gratus,189814,-97.3919444,18.6111111,,False,4,22.72,Mammalia,Rodentia,Cricetidae,2155,Terrestre,9999,,2017-12,http://www.snib.mx/snibgeoportal/Ejemplar.php?id=58e29bca676ced4b18b46e3e1a8abcac,58e29bca676ced4b18b46e3e1a8abcac,Si,NoDisponible,No,No,Si,,,,
173,Peromyscus gratus,175055,-99.2167722,19.3233333,,False,4,21.09,Mammalia,Rodentia,Cricetidae,2398,Terrestre,1944,,2017-12,http://www.snib.mx/snibgeoportal/Ejemplar.php?id=596688f689ef7d2e43ec5f4668345fcd,596688f689ef7d2e43ec5f4668345fcd,No,NoDisponible,,,,,,,
128,Peromyscus gratus,127849,-104.7322222,24.0130556,,False,4,16.75,Mammalia,Rodentia,Cricetidae,1917,Terrestre,1990,,2017-12,http://www.snib.mx/snibgeoportal/Ejemplar.php?id=59842df853e9cf5744399b32e3bb557e,59842df853e9cf5744399b32e3bb557e,No,NoDisponible,,,,,,,
174,Peromyscus gratus,175055,-99.2167722,19.3233333,,False,4,21.09,Mammalia,Rodentia,Cricetidae,2398,Terrestre,1944,,2017-12,http://www.snib.mx/snibgeoportal/Ejemplar.php?id=59a847b605cdeda7639f87d87d4651d4,59a847b605cdeda7639f87d87d4651d4,No,NoDisponible,,,,,,,
143,Peromyscus gratus,175055,-99.2145491,19.3233333,,False,4,21.09,Mammalia,Rodentia,Cricetidae,2371,Terrestre,1947,,2017-12,http://www.snib.mx/snibgeoportal/Ejemplar.php?id=59ccf4739363d457e76e2885d67a01ac,59ccf4739363d457e76e2885d67a01ac,No,NoDisponible,,,,,,,
4,Peromyscus gratus,175052,-99.2251053,19.3083333,,False,4,22.99,Mammalia,Rodentia,Cricetidae,2434,Terrestre,1955,,2017-12,http://www.snib.mx/snibgeoportal/Ejemplar.php?id=5a826ac52443e0c5d8a36739bc665869,5a826ac52443e0c5d8a36739bc665869,No,NoDisponible,,,,,,,
256,Peromyscus gratus,179990,-98.8438586,19.692614,,False,4,14.84,Mammalia,Rodentia,Cricetidae,2341,Terrestre,1946,,2017-12,http://www.snib.mx/snibgeoportal/Ejemplar.php?id=5af73d93b61f38c5d0f9ba798d916b4a,5af73d93b61f38c5d0f9ba798d916b4a,No,NoDisponible,,,,,,,
230,Peromyscus gratus,175082,-99.0226003,19.25,,False,4,19.89,Mammalia,Rodentia,Cricetidae,2306,Terrestre,1947,,2017-12,http://www.snib.mx/snibgeoportal/Ejemplar.php?id=5b9501bb56bf54e30408ba0e6ef13ee5,5b9501bb56bf54e30408ba0e6ef13ee5,No,NoDisponible,,,,,,,
175,Peromyscus gratus,175055,-99.2167722,19.3233333,,False,4,21.09,Mammalia,Rodentia,Cricetidae,2398,Terrestre,1944,,2017-12,http://www.snib.mx/snibgeoportal/Ejemplar.php?id=5c98dc005c18855d0a5390505d856313,5c98dc005c18855d0a5390505d856313,No,NoDisponible,,,,,,,
241,Peromyscus gratus,175075,-99.092434,19.243133,,False,4,22.8,Mammalia,Rodentia,Cricetidae,2266,Terrestre,9999,,2017-12,http://www.snib.mx/snibgeoportal/Ejemplar.php?id=5ccd80bfbcceca2c73cd5c41f0f889bf,5ccd80bfbcceca2c73cd5c41f0f889bf,No,NoDisponible,,,,,,,
778,Peromyscus gratus,175120,-99.1844444,19.9541667,,False,4,16.84,Mammalia,Rodentia,Cricetidae,2178,Terrestre,9999,,2017-12,http://www.snib.mx/snibgeoportal/Ejemplar.php?id=5cfcdba378c74b63aa9ff3b01f6fe503,5cfcdba378c74b63aa9ff3b01f6fe503,No,NoDisponible,,,,,,,
714,Peromyscus gratus,151031,-101.949,20.725,,False,4,6.49,Mammalia,Rodentia,Cricetidae,1734,Terrestre,9999,,2017-12,http://www.snib.mx/snibgeoportal/Ejemplar.php?id=5d64ef479350912a6ca0ec0b68655087,5d64ef479350912a6ca0ec0b68655087,No,NoDisponible,,,,,,,
61,Peromyscus gratus,141752,-103.1125,22.9166667,,False,4,16.28,Mammalia,Rodentia,Cricetidae,2268,Terrestre,2009,,2017-12,http://www.snib.mx/snibgeoportal/Ejemplar.php?id=5dc46fceb1eb4568530e59016199862b,5dc46fceb1eb4568530e59016199862b,No,NoDisponible,,,,,,,
670,Peromyscus gratus,180035,-98.7886111,19.7269444,,False,4,24.02,Mammalia,Rodentia,Cricetidae,2355,Terrestre,9999,,2017-12,http://www.snib.mx/snibgeoportal/Ejemplar.php?id=5dd8b2e9c7726fd622ef4c76305684c6,5dd8b2e9c7726fd622ef4c76305684c6,No,NoDisponible,,,,,,,
441,Peromyscus gratus,136985,-103.8462803,22.6792272,,False,4,11.01,Mammalia,Rodentia,Cricetidae,1861,Terrestre,1966,,2017-12,http://www.snib.mx/snibgeoportal/Ejemplar.php?id=5ec7cbe5eb0f22e725ade5cd5e956487,5ec7cbe5eb0f22e725ade5cd5e956487,No,NoDisponible,,,,,,,
260,Peromyscus gratus,155858,-101.758122,21.18176,,False,4,12.31,Mammalia,Rodentia,Cricetidae,2043,Terrestre,1952,,2017-12,http://www.snib.mx/snibgeoportal/Ejemplar.php?id=5fae57c96add73553e27e0bfa24d5bde,5fae57c96add73553e27e0bfa24d5bde,No,NoDisponible,,,,,,,
286,Peromyscus gratus,175074,-99.1388889,19.275,,False,4,21.87,Mammalia,Rodentia,Cricetidae,2277,Terrestre,9999,,2017-12,http://www.snib.mx/snibgeoportal/Ejemplar.php?id=5fc0bb999574cc2dd819c2a34b50c7c3,5fc0bb999574cc2dd819c2a34b50c7c3,No,NoDisponible,,,,,,,
540,Peromyscus gratus,109957,-107.494992,27.784533,,False,4,10.72,Mammalia,Rodentia,Cricetidae,2197,Terrestre,1968,,2017-12,http://www.snib.mx/snibgeoportal/Ejemplar.php?id=5ff6c034e6491770148c44843c1b62c2,5ff6c034e6491770148c44843c1b62c2,No,NoDisponible,,,,,,,
176,Peromyscus gratus,175055,-99.2167722,19.3233333,,False,4,21.09,Mammalia,Rodentia,Cricetidae,2398,Terrestre,1944,,2017-12,http://www.snib.mx/snibgeoportal/Ejemplar.php?id=602acc38fe18818c554bc248ae849cab,602acc38fe18818c554bc248ae849cab,No,NoDisponible,,,,,,,
541,Peromyscus gratus,109957,-107.494992,27.784533,,False,4,10.72,Mammalia,Rodentia,Cricetidae,2197,Terrestre,1968,,2017-12,http://www.snib.mx/snibgeoportal/Ejemplar.php?id=609fecac0f1a07939827baf59cdd42d1,609fecac0f1a07939827baf59cdd42d1,No,NoDisponible,,,,,,,
269,Peromyscus gratus,175073,-99.1337139,19.2230556,,False,4,22.57,Mammalia,Rodentia,Cricetidae,2581,Terrestre,1944,,2017-12,http://www.snib.mx/snibgeoportal/Ejemplar.php?id=60b8c0bbe1b39a37e259cc9e644ad53a,60b8c0bbe1b39a37e259cc9e644ad53a,No,NoDisponible,,,,,,,
568,Peromyscus gratus,127843,-104.786121,23.99015,,False,4,21.02,Mammalia,Rodentia,Cricetidae,2211,Terrestre,9999,,2017-12,http://www.snib.mx/snibgeoportal/Ejemplar.php?id=60d3fb7b800ae937135ce85c8a3425d6,60d3fb7b800ae937135ce85c8a3425d6,No,NoDisponible,,,,,,,
607,Peromyscus gratus,184855,-98.1972,19.0433,,False,4,16.96,Mammalia,Rodentia,Cricetidae,2155,Terrestre,1952,,2017-12,http://www.snib.mx/snibgeoportal/Ejemplar.php?id=6149a576ffc66bfacb48b3e141343f00,6149a576ffc66bfacb48b3e141343f00,No,NoDisponible,,,,,,,
594,Peromyscus gratus,175056,-99.17711,19.40401,,False,4,19.49,Mammalia,Rodentia,Cricetidae,2254,Terrestre,1947,,2017-12,http://www.snib.mx/snibgeoportal/Ejemplar.php?id=626fed524d01878941276b9949203b97,626fed524d01878941276b9949203b97,No,NoDisponible,,,,,,,
439,Peromyscus gratus,175175,-99.3248336,20.44,,False,4,7.97,Mammalia,Rodentia,Cricetidae,1879,Terrestre,1964,,2017-12,http://www.snib.mx/snibgeoportal/Ejemplar.php?id=629d8c7caefeaa4716e350e0697998f5,629d8c7caefeaa4716e350e0697998f5,No,NoDisponible,,,,,,,
69,Peromyscus gratus,194762,-97.0116667,18.1827778,,False,4,6.93,Mammalia,Rodentia,Cricetidae,2405,Terrestre,1984,,2017-12,http://www.snib.mx/snibgeoportal/Ejemplar.php?id=62d5269c984c5e67628a52ccb80fa221,62d5269c984c5e67628a52ccb80fa221,Si,NoDisponible,No,No,Si,,,,
683,Peromyscus gratus,141684,-103.1116667,22.2472222,,False,4,16.41,Mammalia,Rodentia,Cricetidae,2163,Terrestre,9999,,2017-12,http://www.snib.mx/snibgeoportal/Ejemplar.php?id=631d3656a735dd770413cd1fd665acf1,631d3656a735dd770413cd1fd665acf1,No,NoDisponible,,,,,,,
597,Peromyscus gratus,141473,-103.18917,20.29,,False,3,-1.65,Mammalia,Rodentia,Cricetidae,1536,Terrestre,1949,,2017-12,http://www.snib.mx/snibgeoportal/Ejemplar.php?id=632df3cdd604a1e71ebd1da317d3b163,632df3cdd604a1e71ebd1da317d3b163,Si,NoDisponible,No,Si,Si,,,,
222,Peromyscus gratus,175055,-99.193,19.318,,False,4,21.09,Mammalia,Rodentia,Cricetidae,2320,Terrestre,2007,SI,2017-12,http://www.snib.mx/snibgeoportal/Ejemplar.php?id=6380f2921671389b99ce5a084c5411e7,6380f2921671389b99ce5a084c5411e7,No,NoDisponible,,,,,,,
445,Peromyscus gratus,155673,-101.60944,19.51583,,False,4,22.19,Mammalia,Rodentia,Cricetidae,2150,Terrestre,9999,,2017-12,http://www.snib.mx/snibgeoportal/Ejemplar.php?id=63be4d8e26ca624087740d60f934fe60,63be4d8e26ca624087740d60f934fe60,No,NoDisponible,,,,,,,
24,Peromyscus gratus,175052,-99.225,19.3083333,,False,4,22.99,Mammalia,Rodentia,Cricetidae,2434,Terrestre,9999,,2017-12,http://www.snib.mx/snibgeoportal/Ejemplar.php?id=64209f521aba19bca5c80393602fef08,64209f521aba19bca5c80393602fef08,No,NoDisponible,,,,,,,
62,Peromyscus gratus,141752,-103.1125,22.9166667,,False,4,16.28,Mammalia,Rodentia,Cricetidae,2268,Terrestre,2009,,2017-12,http://www.snib.mx/snibgeoportal/Ejemplar.php?id=642bcef09c2a666fa4e126f80defc89f,642bcef09c2a666fa4e126f80defc89f,No,NoDisponible,,,,,,,
414,Peromyscus gratus,165489,-100.3012463,20.5875,,False,4,18.9,Mammalia,Rodentia,Cricetidae,2031,Terrestre,1952,,2017-12,http://www.snib.mx/snibgeoportal/Ejemplar.php?id=64ae18823fc7f6c82882229983cfbc4e,64ae18823fc7f6c82882229983cfbc4e,No,NoDisponible,,,,,,,
466,Peromyscus gratus,165378,-100.5423381,19.813408,,False,4,21.05,Mammalia,Rodentia,Cricetidae,2621,Terrestre,1949,,2017-12,http://www.snib.mx/snibgeoportal/Ejemplar.php?id=64ceb42c359a40d444c33249093ffa17,64ceb42c359a40d444c33249093ffa17,No,NoDisponible,,,,,,,
261,Peromyscus gratus,155858,-101.758122,21.18176,,False,4,12.31,Mammalia,Rodentia,Cricetidae,2043,Terrestre,1952,,2017-12,http://www.snib.mx/snibgeoportal/Ejemplar.php?id=64d5dd0e0d2c7210fc0a77a3394c040a,64d5dd0e0d2c7210fc0a77a3394c040a,No,NoDisponible,,,,,,,
345,Peromyscus gratus,180066,-98.5578693,19.8127778,,False,5,28.94,Mammalia,Rodentia,Cricetidae,2514,Terrestre,1952,,2017-12,http://www.snib.mx/snibgeoportal/Ejemplar.php?id=64e8849c721700161627954285a6ce21,64e8849c721700161627954285a6ce21,No,NoDisponible,,,,,,,
488,Peromyscus gratus,137100,-103.798939,23.575243,,False,4,18.1,Mammalia,Rodentia,Cricetidae,2131,Terrestre,1969,,2017-12,http://www.snib.mx/snibgeoportal/Ejemplar.php?id=64eb1343928d8560eb0c306019f08506,64eb1343928d8560eb0c306019f08506,No,NoDisponible,,,,,,,
476,Peromyscus gratus,137056,-103.797461,23.458764,,False,5,26.04,Mammalia,Rodentia,Cricetidae,2466,Terrestre,1970,,2017-12,http://www.snib.mx/snibgeoportal/Ejemplar.php?id=658ca61da08fdf6b66d48b9dbc0953af,658ca61da08fdf6b66d48b9dbc0953af,No,NoDisponible,,,,,,,
461,Peromyscus gratus,160517,-101.1398726,19.9104041,,False,4,13.35,Mammalia,Rodentia,Cricetidae,1929,Terrestre,1947,,2017-12,http://www.snib.mx/snibgeoportal/Ejemplar.php?id=65ed6ec34eaef1908443d8daf71737cc,65ed6ec34eaef1908443d8daf71737cc,No,NoDisponible,,,,,,,
542,Peromyscus gratus,109957,-107.494992,27.784533,,False,4,10.72,Mammalia,Rodentia,Cricetidae,2197,Terrestre,1968,,2017-12,http://www.snib.mx/snibgeoportal/Ejemplar.php?id=669892b43b121975930c669ed84eda93,669892b43b121975930c669ed84eda93,No,NoDisponible,,,,,,,
282,Peromyscus gratus,175074,-99.1616667,19.2833333,,False,4,21.87,Mammalia,Rodentia,Cricetidae,2295,Terrestre,9999,,2017-12,http://www.snib.mx/snibgeoportal/Ejemplar.php?id=66f754796e27273757bb0e797795d3e4,66f754796e27273757bb0e797795d3e4,No,NoDisponible,,,,,,,
516,Peromyscus gratus,127800,-104.782069,23.986394,,False,4,19.12,Mammalia,Rodentia,Cricetidae,2221,Terrestre,9999,,2017-12,http://www.snib.mx/snibgeoportal/Ejemplar.php?id=6899e799d6745511128181e5b8cb2105,6899e799d6745511128181e5b8cb2105,No,NoDisponible,,,,,,,
543,Peromyscus gratus,109957,-107.494992,27.784533,,False,4,10.72,Mammalia,Rodentia,Cricetidae,2197,Terrestre,1968,,2017-12,http://www.snib.mx/snibgeoportal/Ejemplar.php?id=68da465e6c3d8a08e1db120ea8fab15a,68da465e6c3d8a08e1db120ea8fab15a,No,NoDisponible,,,,,,,
25,Peromyscus gratus,175052,-99.225,19.3083333,,False,4,22.99,Mammalia,Rodentia,Cricetidae,2434,Terrestre,9999,,2017-12,http://www.snib.mx/snibgeoportal/Ejemplar.php?id=691df6b8393332c11c13de7bd600e29d,691df6b8393332c11c13de7bd600e29d,No,NoDisponible,,,,,,,
524,Peromyscus gratus,137103,-103.792825,23.634748,,False,5,29.31,Mammalia,Rodentia,Cricetidae,2469,Terrestre,1969,,2017-12,http://www.snib.mx/snibgeoportal/Ejemplar.php?id=69c327fbadc1c9a023aaa00157c7dc30,69c327fbadc1c9a023aaa00157c7dc30,No,NoDisponible,,,,,,,
302,Peromyscus gratus,160508,-100.6558599,19.5593,,False,4,13.05,Mammalia,Rodentia,Cricetidae,2725,Terrestre,1954,,2017-12,http://www.snib.mx/snibgeoportal/Ejemplar.php?id=6a1c2d4b51e20d7a7569ce3199916e9d,6a1c2d4b51e20d7a7569ce3199916e9d,No,NoDisponible,,,,,,,
564,Peromyscus gratus,141906,-103.431143,24.357725,,False,4,8.64,Mammalia,Rodentia,Cricetidae,1899,Terrestre,1970,,2017-12,http://www.snib.mx/snibgeoportal/Ejemplar.php?id=6a2ed9354d5e6cac3f3f3f62d912f7b0,6a2ed9354d5e6cac3f3f3f62d912f7b0,Si,NoDisponible,No,Si,Si,,,,
247,Peromyscus gratus,175053,-99.310556,19.3338889,,False,4,22.53,Mammalia,Rodentia,Cricetidae,2887,Terrestre,9999,,2017-12,http://www.snib.mx/snibgeoportal/Ejemplar.php?id=6aec264e6f751d32ceabebd902e00c2b,6aec264e6f751d32ceabebd902e00c2b,No,NoDisponible,,,,,,,
773,Peromyscus gratus,156322,-101.4216667,24.6147222,,False,4,23.71,Mammalia,Rodentia,Cricetidae,2088,Terrestre,9999,,2017-12,http://www.snib.mx/snibgeoportal/Ejemplar.php?id=6c1b6ddd69801841ed980c19604518f5,6c1b6ddd69801841ed980c19604518f5,No,NoDisponible,,,,,,,
177,Peromyscus gratus,175055,-99.2167722,19.3233333,,False,4,21.09,Mammalia,Rodentia,Cricetidae,2398,Terrestre,1944,,2017-12,http://www.snib.mx/snibgeoportal/Ejemplar.php?id=6c215edd490a9edf26ad45a0303516f3,6c215edd490a9edf26ad45a0303516f3,No,NoDisponible,,,,,,,
386,Peromyscus gratus,175077,-99.166667,19.3205556,,False,4,17.79,Mammalia,Rodentia,Cricetidae,2291,Terrestre,9999,,2017-12,http://www.snib.mx/snibgeoportal/Ejemplar.php?id=6ca7915158ba7238a6c84a71765e402e,6ca7915158ba7238a6c84a71765e402e,No,NoDisponible,,,,,,,
78,Peromyscus gratus,170325,-99.985,20.6777778,,False,4,16.57,Mammalia,Rodentia,Cricetidae,1945,Terrestre,1984,,2017-12,http://www.snib.mx/snibgeoportal/Ejemplar.php?id=6d1e04940259ab0895fa648eb9ffd76a,6d1e04940259ab0895fa648eb9ffd76a,No,NoDisponible,,,,,,,
178,Peromyscus gratus,175055,-99.2167722,19.3233333,,False,4,21.09,Mammalia,Rodentia,Cricetidae,2398,Terrestre,1944,,2017-12,http://www.snib.mx/snibgeoportal/Ejemplar.php?id=6d578b9304e51bdb19d1cb065a47fd0f,6d578b9304e51bdb19d1cb065a47fd0f,No,NoDisponible,,,,,,,
709,Peromyscus gratus,114772,-106.8338889,30.4952778,,True,1,-39.03,Mammalia,Rodentia,Cricetidae,1280,Terrestre,9999,,2017-12,http://www.snib.mx/snibgeoportal/Ejemplar.php?id=6d934a3584e0ef8ca5759deaaa774b78,6d934a3584e0ef8ca5759deaaa774b78,Si,NoDisponible,No,No,Si,,,,
179,Peromyscus gratus,175055,-99.2167722,19.3233333,,False,4,21.09,Mammalia,Rodentia,Cricetidae,2398,Terrestre,1944,,2017-12,http://www.snib.mx/snibgeoportal/Ejemplar.php?id=6da56e781b0baa2b3a8ed3b8fe4b0446,6da56e781b0baa2b3a8ed3b8fe4b0446,No,NoDisponible,,,,,,,
544,Peromyscus gratus,109957,-107.494992,27.784533,,False,4,10.72,Mammalia,Rodentia,Cricetidae,2197,Terrestre,1968,,2017-12,http://www.snib.mx/snibgeoportal/Ejemplar.php?id=6e82c2e5d8e338339ffe96d61f486e6d,6e82c2e5d8e338339ffe96d61f486e6d,No,NoDisponible,,,,,,,
14,Peromyscus gratus,175052,-99.1953825,19.2763889,,False,4,22.99,Mammalia,Rodentia,Cricetidae,2462,Terrestre,1947,,2017-12,http://www.snib.mx/snibgeoportal/Ejemplar.php?id=6eb7f262cd7aef4c89b97806af0957ce,6eb7f262cd7aef4c89b97806af0957ce,No,NoDisponible,,,,,,,
545,Peromyscus gratus,109957,-107.494992,27.784533,,False,4,10.72,Mammalia,Rodentia,Cricetidae,2197,Terrestre,1968,,2017-12,http://www.snib.mx/snibgeoportal/Ejemplar.php?id=6edd5f750f114c63afa72bd2fdebc34e,6edd5f750f114c63afa72bd2fdebc34e,No,NoDisponible,,,,,,,
762,Peromyscus gratus,127851,-104.7016667,24.0016667,,False,4,11.56,Mammalia,Rodentia,Cricetidae,1893,Terrestre,9999,,2017-12,http://www.snib.mx/snibgeoportal/Ejemplar.php?id=6f2e8acff2c2a210c727e2c8754456f5,6f2e8acff2c2a210c727e2c8754456f5,No,NoDisponible,,,,,,,
38,Peromyscus gratus,175052,-99.225,19.30833,,False,4,22.99,Mammalia,Rodentia,Cricetidae,2434,Terrestre,1955,,2017-12,http://www.snib.mx/snibgeoportal/Ejemplar.php?id=6fa1dde2413f53492bc3bc6a7aced4df,6fa1dde2413f53492bc3bc6a7aced4df,No,NoDisponible,,,,,,,
48,Peromyscus gratus,175051,-99.2077789,19.233055,,False,4,16.74,Mammalia,Rodentia,Cricetidae,2913,Terrestre,1948,,2017-12,http://www.snib.mx/snibgeoportal/Ejemplar.php?id=6fc31033a76e542f1a26a934acce3441,6fc31033a76e542f1a26a934acce3441,No,NoDisponible,,,,,,,
775,Peromyscus gratus,150969,-101.8830556,20.0016667,,False,4,10.23,Mammalia,Rodentia,Cricetidae,2090,Terrestre,9999,,2017-12,http://www.snib.mx/snibgeoportal/Ejemplar.php?id=6fecac73b475d41092f9fae79ee4cc8c,6fecac73b475d41092f9fae79ee4cc8c,No,NoDisponible,,,,,,,
291,Peromyscus gratus,199453,-96.4080872,16.9222222,,False,4,9.24,Mammalia,Rodentia,Cricetidae,1645,Terrestre,1955,,2017-12,http://www.snib.mx/snibgeoportal/Ejemplar.php?id=6ff8aa155e717895ec661376964a137e,6ff8aa155e717895ec661376964a137e,No,NoDisponible,,,,,,,
477,Peromyscus gratus,137056,-103.797461,23.458764,,False,5,26.04,Mammalia,Rodentia,Cricetidae,2466,Terrestre,1970,,2017-12,http://www.snib.mx/snibgeoportal/Ejemplar.php?id=70b98c97b6083f0f4d2273b3e7b4cae6,70b98c97b6083f0f4d2273b3e7b4cae6,No,NoDisponible,,,,,,,
660,Peromyscus gratus,194665,-96.7091667,17.0022222,,False,4,10.74,Mammalia,Rodentia,Cricetidae,1544,Terrestre,9999,,2017-12,http://www.snib.mx/snibgeoportal/Ejemplar.php?id=7108829ad8bd52aafa42a0585950ce60,7108829ad8bd52aafa42a0585950ce60,Si,NoDisponible,No,Si,Si,,,,
581,Peromyscus gratus,165467,-100.3895,20.5871667,,False,4,18.95,Mammalia,Rodentia,Cricetidae,1825,Terrestre,1952,,2017-12,http://www.snib.mx/snibgeoportal/Ejemplar.php?id=7196b944c03a06ba7ae7afcb45e8e852,7196b944c03a06ba7ae7afcb45e8e852,No,NoDisponible,,,,,,,
117,Peromyscus gratus,170312,-99.9072222,20.5158333,,False,4,14.73,Mammalia,Rodentia,Cricetidae,1912,Terrestre,1984,,2017-12,http://www.snib.mx/snibgeoportal/Ejemplar.php?id=71aff0d478536fa163c0967e4af4f0c0,71aff0d478536fa163c0967e4af4f0c0,No,NoDisponible,,,,,,,
763,Peromyscus gratus,114316,-106.6913889,26.6602778,,False,4,14.18,Mammalia,Rodentia,Cricetidae,2456,Terrestre,9999,,2017-12,http://www.snib.mx/snibgeoportal/Ejemplar.php?id=726f323b5516bf4bc6f63d4ace099a67,726f323b5516bf4bc6f63d4ace099a67,No,NoDisponible,,,,,,,
456,Peromyscus gratus,170250,-99.8745663,19.7975,,False,4,20.68,Mammalia,Rodentia,Cricetidae,2583,Terrestre,1948,,2017-12,http://www.snib.mx/snibgeoportal/Ejemplar.php?id=7300060b2ea929d2e621ae629522d496,7300060b2ea929d2e621ae629522d496,No,NoDisponible,,,,,,,
180,Peromyscus gratus,175055,-99.2167722,19.3233333,,False,4,21.09,Mammalia,Rodentia,Cricetidae,2398,Terrestre,1944,,2017-12,http://www.snib.mx/snibgeoportal/Ejemplar.php?id=730db8340a02d897c6359ce2d3575654,730db8340a02d897c6359ce2d3575654,No,NoDisponible,,,,,,,
598,Peromyscus gratus,180058,-98.73611,20.1225,,False,5,33.04,Mammalia,Rodentia,Cricetidae,2396,Terrestre,1893,,2017-12,http://www.snib.mx/snibgeoportal/Ejemplar.php?id=7348547fb5ce3aee0afe653acc399be9,7348547fb5ce3aee0afe653acc399be9,No,NoDisponible,,,,,,,
68,Peromyscus gratus,194762,-97.0116667,18.1827778,,False,4,6.93,Mammalia,Rodentia,Cricetidae,2405,Terrestre,2001,,2017-12,http://www.snib.mx/snibgeoportal/Ejemplar.php?id=7371947b8a2c4d2b87c1eae3e87d3fe0,7371947b8a2c4d2b87c1eae3e87d3fe0,Si,NoDisponible,No,No,Si,,,,
249,Peromyscus gratus,175053,-99.2877778,19.3175,,False,4,22.53,Mammalia,Rodentia,Cricetidae,2868,Terrestre,9999,,2017-12,http://www.snib.mx/snibgeoportal/Ejemplar.php?id=7391a31918093afe215a85fdf8038252,7391a31918093afe215a85fdf8038252,No,NoDisponible,,,,,,,
363,Peromyscus gratus,175077,-99.1495476,19.3341667,,False,4,17.79,Mammalia,Rodentia,Cricetidae,2252,Terrestre,1947,,2017-12,http://www.snib.mx/snibgeoportal/Ejemplar.php?id=7455eb6ea056093f736c6b5f22c63a2c,7455eb6ea056093f736c6b5f22c63a2c,No,NoDisponible,,,,,,,
26,Peromyscus gratus,175052,-99.225,19.3083333,,False,4,22.99,Mammalia,Rodentia,Cricetidae,2434,Terrestre,9999,,2017-12,http://www.snib.mx/snibgeoportal/Ejemplar.php?id=7483be30c86df83828b164a2df7a00b4,7483be30c86df83828b164a2df7a00b4,No,NoDisponible,,,,,,,
329,Peromyscus gratus,141451,-103.2621307,20.29,,False,3,5.77,Mammalia,Rodentia,Cricetidae,1521,Terrestre,1949,,2017-12,http://www.snib.mx/snibgeoportal/Ejemplar.php?id=74c09f739b1731f3de230f4aefe7c4ef,74c09f739b1731f3de230f4aefe7c4ef,Si,NoDisponible,No,No,Si,,,,
285,Peromyscus gratus,175074,-99.1616667,19.2833333,,False,4,21.87,Mammalia,Rodentia,Cricetidae,2295,Terrestre,9999,,2017-12,http://www.snib.mx/snibgeoportal/Ejemplar.php?id=74ec295251047311e5d00fee57b43fc0,74ec295251047311e5d00fee57b43fc0,No,NoDisponible,,,,,,,
137,Peromyscus gratus,175055,-99.2251054,19.3375,,False,4,21.09,Mammalia,Rodentia,Cricetidae,2438,Terrestre,1947,,2017-12,http://www.snib.mx/snibgeoportal/Ejemplar.php?id=7503d4e8441d65accc1ad1e8d33b67b8,7503d4e8441d65accc1ad1e8d33b67b8,No,NoDisponible,,,,,,,
546,Peromyscus gratus,109957,-107.494992,27.784533,,False,4,10.72,Mammalia,Rodentia,Cricetidae,2197,Terrestre,1968,,2017-12,http://www.snib.mx/snibgeoportal/Ejemplar.php?id=752e1cd987c546862f5a73aa0a44007f,752e1cd987c546862f5a73aa0a44007f,No,NoDisponible,,,,,,,
467,Peromyscus gratus,165378,-100.5423381,19.813408,,False,4,21.05,Mammalia,Rodentia,Cricetidae,2621,Terrestre,1949,,2017-12,http://www.snib.mx/snibgeoportal/Ejemplar.php?id=75dddc6103037f1d0a92d9b66b197925,75dddc6103037f1d0a92d9b66b197925,No,NoDisponible,,,,,,,
103,Peromyscus gratus,165547,-100.0666667,20.8,,False,4,12.86,Mammalia,Rodentia,Cricetidae,2062,Terrestre,1984,,2017-12,http://www.snib.mx/snibgeoportal/Ejemplar.php?id=75fcd242b0f1e8211c878d85b132640e,75fcd242b0f1e8211c878d85b132640e,No,NoDisponible,,,,,,,
527,Peromyscus gratus,137103,-103.784894,23.634756,,False,5,29.31,Mammalia,Rodentia,Cricetidae,2464,Terrestre,1969,,2017-12,http://www.snib.mx/snibgeoportal/Ejemplar.php?id=764166a93a7e073d168c57480a813824,764166a93a7e073d168c57480a813824,No,NoDisponible,,,,,,,
565,Peromyscus gratus,141906,-103.431143,24.357725,,False,4,8.64,Mammalia,Rodentia,Cricetidae,1899,Terrestre,1970,,2017-12,http://www.snib.mx/snibgeoportal/Ejemplar.php?id=766985ebca6f834330326cecceb81ce4,766985ebca6f834330326cecceb81ce4,Si,NoDisponible,No,Si,Si,,,,
181,Peromyscus gratus,175055,-99.2167722,19.3233333,,False,4,21.09,Mammalia,Rodentia,Cricetidae,2398,Terrestre,1944,,2017-12,http://www.snib.mx/snibgeoportal/Ejemplar.php?id=768571fc3601631878667eea1c20a58a,768571fc3601631878667eea1c20a58a,No,NoDisponible,,,,,,,
420,Peromyscus gratus,146137,-102.7020295,19.99361,,False,3,5.82,Mammalia,Rodentia,Cricetidae,1540,Terrestre,1950,,2017-12,http://www.snib.mx/snibgeoportal/Ejemplar.php?id=76be357a6555b45a9ce5a86eff667359,76be357a6555b45a9ce5a86eff667359,No,NoDisponible,,,,,,,
630,Peromyscus gratus,155721,-101.6094444,19.7325,,False,4,23.18,Mammalia,Rodentia,Cricetidae,2139,Terrestre,9999,,2017-12,http://www.snib.mx/snibgeoportal/Ejemplar.php?id=76e24e10707b7c0d24c707ca4e090af6,76e24e10707b7c0d24c707ca4e090af6,No,NoDisponible,,,,,,,
182,Peromyscus gratus,175055,-99.2167722,19.3233333,,False,4,21.09,Mammalia,Rodentia,Cricetidae,2398,Terrestre,1944,,2017-12,http://www.snib.mx/snibgeoportal/Ejemplar.php?id=77537ff51be76d0c663a22aefdab9365,77537ff51be76d0c663a22aefdab9365,No,NoDisponible,,,,,,,
742,Peromyscus gratus,146305,-102.8455556,21.3605556,,False,4,13.53,Mammalia,Rodentia,Cricetidae,1871,Terrestre,9999,,2017-12,http://www.snib.mx/snibgeoportal/Ejemplar.php?id=77eabd3125101e4cb2a7b88c1bf2c66a,77eabd3125101e4cb2a7b88c1bf2c66a,No,NoDisponible,,,,,,,
183,Peromyscus gratus,175055,-99.2167722,19.3233333,,False,4,21.09,Mammalia,Rodentia,Cricetidae,2398,Terrestre,1944,,2017-12,http://www.snib.mx/snibgeoportal/Ejemplar.php?id=7802d07f04c6b4ded5b9602a47fc3def,7802d07f04c6b4ded5b9602a47fc3def,No,NoDisponible,,,,,,,
700,Peromyscus gratus,118909,-105.9227778,27.0266667,,False,4,9.61,Mammalia,Rodentia,Cricetidae,1803,Terrestre,9999,,2017-12,http://www.snib.mx/snibgeoportal/Ejemplar.php?id=781870bdb10ba938e8fdec73f56a3f1e,781870bdb10ba938e8fdec73f56a3f1e,No,NoDisponible,,,,,,,
682,Peromyscus gratus,156230,-101.6952778,24.2011111,,False,3,0.08,Mammalia,Rodentia,Cricetidae,1910,Terrestre,9999,,2017-12,http://www.snib.mx/snibgeoportal/Ejemplar.php?id=7829090a4fb89c63d86c4f7b7d650137,7829090a4fb89c63d86c4f7b7d650137,No,NoDisponible,,,,,,,
489,Peromyscus gratus,137100,-103.798939,23.575243,,False,4,18.1,Mammalia,Rodentia,Cricetidae,2131,Terrestre,1969,,2017-12,http://www.snib.mx/snibgeoportal/Ejemplar.php?id=785994aa087b151ad963f4bfabc889e6,785994aa087b151ad963f4bfabc889e6,No,NoDisponible,,,,,,,
691,Peromyscus gratus,137127,-103.6397222,23.6347222,,False,4,23.69,Mammalia,Rodentia,Cricetidae,2323,Terrestre,9999,,2017-12,http://www.snib.mx/snibgeoportal/Ejemplar.php?id=791f4b7d95e2f4ea78cfc0cde0e4036c,791f4b7d95e2f4ea78cfc0cde0e4036c,No,NoDisponible,,,,,,,
757,Peromyscus gratus,151239,-102.2513889,22.57,,False,4,11.47,Mammalia,Rodentia,Cricetidae,2056,Terrestre,9999,,2017-12,http://www.snib.mx/snibgeoportal/Ejemplar.php?id=795a73ba03bd56b9e4ee7e014d95d17d,795a73ba03bd56b9e4ee7e014d95d17d,No,NoDisponible,,,,,,,
27,Peromyscus gratus,175052,-99.225,19.3083333,,False,4,22.99,Mammalia,Rodentia,Cricetidae,2434,Terrestre,9999,,2017-12,http://www.snib.mx/snibgeoportal/Ejemplar.php?id=7a13bcc4f2953753b5c0340c63df8852,7a13bcc4f2953753b5c0340c63df8852,No,NoDisponible,,,,,,,
490,Peromyscus gratus,137100,-103.798939,23.575243,,False,4,18.1,Mammalia,Rodentia,Cricetidae,2131,Terrestre,1969,,2017-12,http://www.snib.mx/snibgeoportal/Ejemplar.php?id=7a2b6d3f36feacc74304108157824535,7a2b6d3f36feacc74304108157824535,No,NoDisponible,,,,,,,
653,Peromyscus gratus,146438,-102.8655556,22.65,,False,4,15.12,Mammalia,Rodentia,Cricetidae,2106,Terrestre,9999,,2017-12,http://www.snib.mx/snibgeoportal/Ejemplar.php?id=7a3a3960ce9bd397e6a29cf7068a4c36,7a3a3960ce9bd397e6a29cf7068a4c36,No,NoDisponible,,,,,,,
17,Peromyscus gratus,175052,-99.1862154,19.31,,False,4,22.99,Mammalia,Rodentia,Cricetidae,2307,Terrestre,1947,,2017-12,http://www.snib.mx/snibgeoportal/Ejemplar.php?id=7ae040d161700956180426cec84a576e,7ae040d161700956180426cec84a576e,No,NoDisponible,,,,,,,
684,Peromyscus gratus,132293,-104.6141667,22.5641667,,True,2,-22.58,Mammalia,Rodentia,Cricetidae,1393,Terrestre,9999,,2017-12,http://www.snib.mx/snibgeoportal/Ejemplar.php?id=7af5b13e70c67c69ecfb487131764ac3,7af5b13e70c67c69ecfb487131764ac3,No,NoDisponible,,,,,,,
184,Peromyscus gratus,175055,-99.2167722,19.3233333,,False,4,21.09,Mammalia,Rodentia,Cricetidae,2398,Terrestre,1944,,2017-12,http://www.snib.mx/snibgeoportal/Ejemplar.php?id=7b4bcbc4294ae6091fa25886062b7acb,7b4bcbc4294ae6091fa25886062b7acb,No,NoDisponible,,,,,,,
332,Peromyscus gratus,146250,-102.7030971,20.9039788,,False,4,10.59,Mammalia,Rodentia,Cricetidae,1992,Terrestre,1949,,2017-12,http://www.snib.mx/snibgeoportal/Ejemplar.php?id=7b54766e17b4ea1d9201f613dd0c1af0,7b54766e17b4ea1d9201f613dd0c1af0,No,NoDisponible,,,,,,,
320,Peromyscus gratus,175076,-99.05,19.25,,False,4,21.75,Mammalia,Rodentia,Cricetidae,2263,Terrestre,1947,,2017-12,http://www.snib.mx/snibgeoportal/Ejemplar.php?id=7b7d3b5c6c025ff27b17c9334394833e,7b7d3b5c6c025ff27b17c9334394833e,No,NoDisponible,,,,,,,
185,Peromyscus gratus,175055,-99.2167722,19.3233333,,False,4,21.09,Mammalia,Rodentia,Cricetidae,2398,Terrestre,1944,,2017-12,http://www.snib.mx/snibgeoportal/Ejemplar.php?id=7b9abde3dead948650d29845f42b41fe,7b9abde3dead948650d29845f42b41fe,No,NoDisponible,,,,,,,
95,Peromyscus gratus,170417,-99.6980667,21.0947997,,False,5,34.29,Mammalia,Rodentia,Cricetidae,2183,Terrestre,1982,,2017-12,http://www.snib.mx/snibgeoportal/Ejemplar.php?id=7beec3a0bf9d60865b506f9af8f043d6,7beec3a0bf9d60865b506f9af8f043d6,No,NoDisponible,,,,,,,
547,Peromyscus gratus,109957,-107.494992,27.784533,,False,4,10.72,Mammalia,Rodentia,Cricetidae,2197,Terrestre,1968,,2017-12,http://www.snib.mx/snibgeoportal/Ejemplar.php?id=7c44a02594e1c047cc537b0d8f802c44,7c44a02594e1c047cc537b0d8f802c44,No,NoDisponible,,,,,,,
292,Peromyscus gratus,199453,-96.4080872,16.9222222,,False,4,9.24,Mammalia,Rodentia,Cricetidae,1645,Terrestre,1955,,2017-12,http://www.snib.mx/snibgeoportal/Ejemplar.php?id=7c6ec10ff764444e2ba7cf8cd89dc8fa,7c6ec10ff764444e2ba7cf8cd89dc8fa,No,NoDisponible,,,,,,,
590,Peromyscus gratus,137117,-103.9166667,23.8666667,,False,4,25.3,Mammalia,Rodentia,Cricetidae,2536,Terrestre,1994,,2017-12,http://www.snib.mx/snibgeoportal/Ejemplar.php?id=7cb8cfa723e6d57bfdfd437ef93790db,7cb8cfa723e6d57bfdfd437ef93790db,No,NoDisponible,,,,,,,
387,Peromyscus gratus,175077,-99.166667,19.3205556,,False,4,17.79,Mammalia,Rodentia,Cricetidae,2291,Terrestre,9999,,2017-12,http://www.snib.mx/snibgeoportal/Ejemplar.php?id=7cd739d6cd8509082c4eaa404fec3cc6,7cd739d6cd8509082c4eaa404fec3cc6,No,NoDisponible,,,,,,,
771,Peromyscus gratus,175184,-99.2183333,20.4802778,,False,3,1.36,Mammalia,Rodentia,Cricetidae,1699,Terrestre,9999,,2017-12,http://www.snib.mx/snibgeoportal/Ejemplar.php?id=7d3309ed51523817276510d2778dfd01,7d3309ed51523817276510d2778dfd01,No,NoDisponible,,,,,,,
49,Peromyscus gratus,175051,-99.2077789,19.233055,,False,4,16.74,Mammalia,Rodentia,Cricetidae,2913,Terrestre,1948,,2017-12,http://www.snib.mx/snibgeoportal/Ejemplar.php?id=7d8876493f07215a2e0e5de3a703b153,7d8876493f07215a2e0e5de3a703b153,No,NoDisponible,,,,,,,
70,Peromyscus gratus,194762,-97.0116667,18.1827778,,False,4,6.93,Mammalia,Rodentia,Cricetidae,2405,Terrestre,1984,,2017-12,http://www.snib.mx/snibgeoportal/Ejemplar.php?id=7dee632fb34d402ef160e98dc54f80bf,7dee632fb34d402ef160e98dc54f80bf,Si,NoDisponible,No,No,Si,,,,
308,Peromyscus gratus,150991,-102.0981889,20.4057822,,False,3,5.19,Mammalia,Rodentia,Cricetidae,1722,Terrestre,1966,,2017-12,http://www.snib.mx/snibgeoportal/Ejemplar.php?id=7df2bd8094b700da349d58b02b38e079,7df2bd8094b700da349d58b02b38e079,No,NoDisponible,,,,,,,
311,Peromyscus gratus,199452,-96.3603078,16.8430556,,False,4,17.29,Mammalia,Rodentia,Cricetidae,1958,Terrestre,1953,,2017-12,http://www.snib.mx/snibgeoportal/Ejemplar.php?id=7e41de65a2002332b05e5855f359510c,7e41de65a2002332b05e5855f359510c,No,NoDisponible,,,,,,,
453,Peromyscus gratus,175248,-99.19,21.005,,False,3,-0.34,Mammalia,Rodentia,Cricetidae,1335,Terrestre,9999,,2017-12,http://www.snib.mx/snibgeoportal/Ejemplar.php?id=7eb3c0ba129d705068bf759b1d2f228b,7eb3c0ba129d705068bf759b1d2f228b,No,NoDisponible,,,,,,,
248,Peromyscus gratus,175053,-99.2966863,19.3414705,,False,4,22.53,Mammalia,Rodentia,Cricetidae,2768,Terrestre,2017,,2017-12,http://www.snib.mx/snibgeoportal/Ejemplar.php?id=7f0e94019d9d28780b296381c3df35de,7f0e94019d9d28780b296381c3df35de,No,NoDisponible,,,,,,,
605,Peromyscus gratus,194666,-96.72,17.0678,,False,4,15.79,Mammalia,Rodentia,Cricetidae,1566,Terrestre,1894,,2017-12,http://www.snib.mx/snibgeoportal/Ejemplar.php?id=7f416d113f28916b96c7852576ab0e11,7f416d113f28916b96c7852576ab0e11,No,NoDisponible,,,,,,,
618,Peromyscus gratus,105414,-108.0544444,27.2969444,,False,3,-11.33,Mammalia,Rodentia,Cricetidae,1621,Terrestre,9999,,2017-12,http://www.snib.mx/snibgeoportal/Ejemplar.php?id=7f6715deefc1449863a43cbe1cc41280,7f6715deefc1449863a43cbe1cc41280,No,NoDisponible,,,,,,,
548,Peromyscus gratus,109957,-107.494992,27.784533,,False,4,10.72,Mammalia,Rodentia,Cricetidae,2197,Terrestre,1968,,2017-12,http://www.snib.mx/snibgeoportal/Ejemplar.php?id=7fb65643956c8b89b8e1d1443f1adeac,7fb65643956c8b89b8e1d1443f1adeac,No,NoDisponible,,,,,,,
381,Peromyscus gratus,175077,-99.1617709,19.3352778,,False,4,17.79,Mammalia,Rodentia,Cricetidae,2253,Terrestre,1947,,2017-12,http://www.snib.mx/snibgeoportal/Ejemplar.php?id=7fe66652bf84812dce7c9dd92ede31af,7fe66652bf84812dce7c9dd92ede31af,No,NoDisponible,,,,,,,
85,Peromyscus gratus,170417,-99.7333333,21.1,,False,5,34.29,Mammalia,Rodentia,Cricetidae,1710,Terrestre,1983,,2017-12,http://www.snib.mx/snibgeoportal/Ejemplar.php?id=80775a7db38a242bfb6645ea81b43016,80775a7db38a242bfb6645ea81b43016,No,NoDisponible,,,,,,,
135,Peromyscus gratus,175055,-99.2039939,19.3263889,,False,4,21.09,Mammalia,Rodentia,Cricetidae,2346,Terrestre,1947,,2017-12,http://www.snib.mx/snibgeoportal/Ejemplar.php?id=8093db418f8e0ad3aa284b7b0580f1b4,8093db418f8e0ad3aa284b7b0580f1b4,No,NoDisponible,,,,,,,
694,Peromyscus gratus,137127,-103.6397222,23.6347222,,False,4,23.69,Mammalia,Rodentia,Cricetidae,2323,Terrestre,9999,,2017-12,http://www.snib.mx/snibgeoportal/Ejemplar.php?id=80bb2c21f8c4711f60ff02ffb62b4356,80bb2c21f8c4711f60ff02ffb62b4356,No,NoDisponible,,,,,,,
664,Peromyscus gratus,189814,-97.3919444,18.6111111,,False,4,22.72,Mammalia,Rodentia,Cricetidae,2155,Terrestre,9999,,2017-12,http://www.snib.mx/snibgeoportal/Ejemplar.php?id=80cb29e2c4720854d60012354b258b8d,80cb29e2c4720854d60012354b258b8d,Si,NoDisponible,No,No,Si,,,,
434,Peromyscus gratus,165386,-100.4504461,19.83939,,False,4,13.88,Mammalia,Rodentia,Cricetidae,2065,Terrestre,1954,,2017-12,http://www.snib.mx/snibgeoportal/Ejemplar.php?id=813af9a3881fcdc49c71966e31473fa4,813af9a3881fcdc49c71966e31473fa4,No,NoDisponible,,,,,,,
510,Peromyscus gratus,137100,-103.794543,23.576915,,False,4,18.1,Mammalia,Rodentia,Cricetidae,2140,Terrestre,1969,,2017-12,http://www.snib.mx/snibgeoportal/Ejemplar.php?id=816bfa4b97aaf96acd4bfbc67fc522f2,816bfa4b97aaf96acd4bfbc67fc522f2,No,NoDisponible,,,,,,,
425,Peromyscus gratus,184857,-98.1514677,18.9408333,,False,4,19.72,Mammalia,Rodentia,Cricetidae,2112,Terrestre,1952,,2017-12,http://www.snib.mx/snibgeoportal/Ejemplar.php?id=81ae34ae8f14bec04a3c667d81727f5c,81ae34ae8f14bec04a3c667d81727f5c,No,NoDisponible,,,,,,,
186,Peromyscus gratus,175055,-99.2167722,19.3233333,,False,4,21.09,Mammalia,Rodentia,Cricetidae,2398,Terrestre,1944,,2017-12,http://www.snib.mx/snibgeoportal/Ejemplar.php?id=8248f02e7756905242543a4ee6df3da7,8248f02e7756905242543a4ee6df3da7,No,NoDisponible,,,,,,,
796,Peromyscus gratus,101226,-108.2052778,28.7108333,,False,4,8.28,Mammalia,Rodentia,Cricetidae,2077,Terrestre,9999,,2017-12,http://www.snib.mx/snibgeoportal/Ejemplar.php?id=8259c5fd84f153a1da3b7f1f0bfe7006,8259c5fd84f153a1da3b7f1f0bfe7006,No,NoDisponible,,,,,,,
187,Peromyscus gratus,175055,-99.2167722,19.3233333,,False,4,21.09,Mammalia,Rodentia,Cricetidae,2398,Terrestre,1944,,2017-12,http://www.snib.mx/snibgeoportal/Ejemplar.php?id=82b0bb288f919804614c4d6adca2e71e,82b0bb288f919804614c4d6adca2e71e,No,NoDisponible,,,,,,,
707,Peromyscus gratus,146390,-102.8830556,22.3536111,,False,4,15.97,Mammalia,Rodentia,Cricetidae,1907,Terrestre,9999,,2017-12,http://www.snib.mx/snibgeoportal/Ejemplar.php?id=82c60fa31f54c9ff0e2006b13403e1bb,82c60fa31f54c9ff0e2006b13403e1bb,No,NoDisponible,,,,,,,
612,Peromyscus gratus,160546,-100.8938889,19.8091667,,False,4,17.3,Mammalia,Rodentia,Cricetidae,1850,Terrestre,9999,,2017-12,http://www.snib.mx/snibgeoportal/Ejemplar.php?id=82cda5ca06c4d8f9bf3d0cad33981a3a,82cda5ca06c4d8f9bf3d0cad33981a3a,No,NoDisponible,,,,,,,
236,Peromyscus gratus,175075,-99.0914909,19.2444444,,False,4,22.8,Mammalia,Rodentia,Cricetidae,2251,Terrestre,1947,,2017-12,http://www.snib.mx/snibgeoportal/Ejemplar.php?id=830953e9d67203c7659784f16d96920d,830953e9d67203c7659784f16d96920d,No,NoDisponible,,,,,,,
188,Peromyscus gratus,175055,-99.2167722,19.3233333,,False,4,21.09,Mammalia,Rodentia,Cricetidae,2398,Terrestre,1944,,2017-12,http://www.snib.mx/snibgeoportal/Ejemplar.php?id=834fd99ffc3c32c79b5153dae5642bdf,834fd99ffc3c32c79b5153dae5642bdf,No,NoDisponible,,,,,,,
86,Peromyscus gratus,170417,-99.7333333,21.1,,False,5,34.29,Mammalia,Rodentia,Cricetidae,1710,Terrestre,1983,,2017-12,http://www.snib.mx/snibgeoportal/Ejemplar.php?id=8362fde7f150035aa42485783d028a8a,8362fde7f150035aa42485783d028a8a,No,NoDisponible,,,,,,,
736,Peromyscus gratus,150978,-102.2830556,20.385,,False,3,5.94,Mammalia,Rodentia,Cricetidae,1865,Terrestre,9999,,2017-12,http://www.snib.mx/snibgeoportal/Ejemplar.php?id=841ed3641fd55c32023ca21a75940c58,841ed3641fd55c32023ca21a75940c58,No,NoDisponible,,,,,,,
65,Peromyscus gratus,146189,-102.7438889,20.4122222,,False,3,2.25,Mammalia,Rodentia,Cricetidae,1588,Terrestre,2009,,2017-12,http://www.snib.mx/snibgeoportal/Ejemplar.php?id=843899e110b4db7341b9189af196a794,843899e110b4db7341b9189af196a794,No,NoDisponible,,,,,,,
312,Peromyscus gratus,199452,-96.3603078,16.8430556,,False,4,17.29,Mammalia,Rodentia,Cricetidae,1958,Terrestre,1953,,2017-12,http://www.snib.mx/snibgeoportal/Ejemplar.php?id=84424f7de3bd1916fe059202a68176a6,84424f7de3bd1916fe059202a68176a6,No,NoDisponible,,,,,,,
19,Peromyscus gratus,175052,-99.2084379,19.3005556,,False,4,22.99,Mammalia,Rodentia,Cricetidae,2395,Terrestre,1947,,2017-12,http://www.snib.mx/snibgeoportal/Ejemplar.php?id=844c917744e328079980c79a1117d919,844c917744e328079980c79a1117d919,No,NoDisponible,,,,,,,
303,Peromyscus gratus,160508,-100.6558599,19.5593,,False,4,13.05,Mammalia,Rodentia,Cricetidae,2725,Terrestre,1954,,2017-12,http://www.snib.mx/snibgeoportal/Ejemplar.php?id=8490ca17a3f37b52e0a0c4e004089f7b,8490ca17a3f37b52e0a0c4e004089f7b,No,NoDisponible,,,,,,,
189,Peromyscus gratus,175055,-99.2167722,19.3233333,,False,4,21.09,Mammalia,Rodentia,Cricetidae,2398,Terrestre,1944,,2017-12,http://www.snib.mx/snibgeoportal/Ejemplar.php?id=84f762ed96010441dc3f6b508bb8cf22,84f762ed96010441dc3f6b508bb8cf22,No,NoDisponible,,,,,,,
5,Peromyscus gratus,175052,-99.2251053,19.3083333,,False,4,22.99,Mammalia,Rodentia,Cricetidae,2434,Terrestre,1955,,2017-12,http://www.snib.mx/snibgeoportal/Ejemplar.php?id=8507857cdef9e7b0a8061e13aa6d868c,8507857cdef9e7b0a8061e13aa6d868c,No,NoDisponible,,,,,,,
87,Peromyscus gratus,170417,-99.7333333,21.1,,False,5,34.29,Mammalia,Rodentia,Cricetidae,1710,Terrestre,1982,,2017-12,http://www.snib.mx/snibgeoportal/Ejemplar.php?id=851e9483fbf6246da4166a3b3cd063aa,851e9483fbf6246da4166a3b3cd063aa,No,NoDisponible,,,,,,,
96,Peromyscus gratus,170417,-99.6980667,21.0947997,,False,5,34.29,Mammalia,Rodentia,Cricetidae,2183,Terrestre,1983,,2017-12,http://www.snib.mx/snibgeoportal/Ejemplar.php?id=853f102d3a8c997b1a48f01c38e4f1ff,853f102d3a8c997b1a48f01c38e4f1ff,No,NoDisponible,,,,,,,
190,Peromyscus gratus,175055,-99.2167722,19.3233333,,False,4,21.09,Mammalia,Rodentia,Cricetidae,2398,Terrestre,1944,,2017-12,http://www.snib.mx/snibgeoportal/Ejemplar.php?id=85e9022db605ccd00548baca00d20517,85e9022db605ccd00548baca00d20517,No,NoDisponible,,,,,,,
549,Peromyscus gratus,109957,-107.494992,27.784533,,False,4,10.72,Mammalia,Rodentia,Cricetidae,2197,Terrestre,1968,,2017-12,http://www.snib.mx/snibgeoportal/Ejemplar.php?id=86a8bcd0e9b9ca4036d8b69edd670e13,86a8bcd0e9b9ca4036d8b69edd670e13,No,NoDisponible,,,,,,,
191,Peromyscus gratus,175055,-99.2167722,19.3233333,,False,4,21.09,Mammalia,Rodentia,Cricetidae,2398,Terrestre,1944,,2017-12,http://www.snib.mx/snibgeoportal/Ejemplar.php?id=86d5ce96f3c2081e95858f20847db5d7,86d5ce96f3c2081e95858f20847db5d7,No,NoDisponible,,,,,,,
725,Peromyscus gratus,146472,-102.4988889,22.65,,False,4,14.87,Mammalia,Rodentia,Cricetidae,2281,Terrestre,9999,,2017-12,http://www.snib.mx/snibgeoportal/Ejemplar.php?id=86ff20d3c297547fd991a144e590abf3,86ff20d3c297547fd991a144e590abf3,No,NoDisponible,,,,,,,
550,Peromyscus gratus,109957,-107.494992,27.784533,,False,4,10.72,Mammalia,Rodentia,Cricetidae,2197,Terrestre,1968,,2017-12,http://www.snib.mx/snibgeoportal/Ejemplar.php?id=87474fc70fd4694e876d85c0c7fe7e9d,87474fc70fd4694e876d85c0c7fe7e9d,No,NoDisponible,,,,,,,
631,Peromyscus gratus,160634,-100.7441667,20.6641667,,False,4,15.97,Mammalia,Rodentia,Cricetidae,1784,Terrestre,9999,,2017-12,http://www.snib.mx/snibgeoportal/Ejemplar.php?id=87629830c0e86eb304ea50b1457c468e,87629830c0e86eb304ea50b1457c468e,No,NoDisponible,,,,,,,
223,Peromyscus gratus,175055,-99.193,19.318,,False,4,21.09,Mammalia,Rodentia,Cricetidae,2320,Terrestre,2007,SI,2017-12,http://www.snib.mx/snibgeoportal/Ejemplar.php?id=87c78763c7968b665d8395d1bc61ea03,87c78763c7968b665d8395d1bc61ea03,No,NoDisponible,,,,,,,
767,Peromyscus gratus,189638,-97.6833333,17.2666667,,False,4,13.69,Mammalia,Rodentia,Cricetidae,2057,Terrestre,9999,,2017-12,http://www.snib.mx/snibgeoportal/Ejemplar.php?id=87f7e55610408f1f9c19c93814690957,87f7e55610408f1f9c19c93814690957,Si,NoDisponible,No,No,Si,,,,
309,Peromyscus gratus,150991,-102.0981889,20.4057822,,False,3,5.19,Mammalia,Rodentia,Cricetidae,1722,Terrestre,1966,,2017-12,http://www.snib.mx/snibgeoportal/Ejemplar.php?id=88172f1309c1f2837ffb7d0ed09c869d,88172f1309c1f2837ffb7d0ed09c869d,No,NoDisponible,,,,,,,
491,Peromyscus gratus,137100,-103.798939,23.575243,,False,4,18.1,Mammalia,Rodentia,Cricetidae,2131,Terrestre,1969,,2017-12,http://www.snib.mx/snibgeoportal/Ejemplar.php?id=88f84b5b7b0e8daae6fca40206c65a19,88f84b5b7b0e8daae6fca40206c65a19,No,NoDisponible,,,,,,,
492,Peromyscus gratus,137100,-103.798939,23.575243,,False,4,18.1,Mammalia,Rodentia,Cricetidae,2131,Terrestre,1969,,2017-12,http://www.snib.mx/snibgeoportal/Ejemplar.php?id=892231185f827e772db3a23b8fed2bc7,892231185f827e772db3a23b8fed2bc7,No,NoDisponible,,,,,,,
795,Peromyscus gratus,127801,-104.7491667,23.7297222,,False,4,15.08,Mammalia,Rodentia,Cricetidae,2309,Terrestre,9999,,2017-12,http://www.snib.mx/snibgeoportal/Ejemplar.php?id=8922ed7ab8ca3cbe430bd90b362bd767,8922ed7ab8ca3cbe430bd90b362bd767,No,NoDisponible,,,,,,,
192,Peromyscus gratus,175055,-99.2167722,19.3233333,,False,4,21.09,Mammalia,Rodentia,Cricetidae,2398,Terrestre,1944,,2017-12,http://www.snib.mx/snibgeoportal/Ejemplar.php?id=898c592a37893c0c68d14db39e448343,898c592a37893c0c68d14db39e448343,No,NoDisponible,,,,,,,
593,Peromyscus gratus,123281,-105.72306,25.34333,,False,4,14.2,Mammalia,Rodentia,Cricetidae,1793,Terrestre,1965,,2017-12,http://www.snib.mx/snibgeoportal/Ejemplar.php?id=89cada2acdb75060dd9677d71ce7cb41,89cada2acdb75060dd9677d71ce7cb41,No,NoDisponible,,,,,,,
449,Peromyscus gratus,155673,-101.6094444,19.5158333,,False,4,22.19,Mammalia,Rodentia,Cricetidae,2150,Terrestre,9999,,2017-12,http://www.snib.mx/snibgeoportal/Ejemplar.php?id=8a1ef51191a64c26d52e1248321deab7,8a1ef51191a64c26d52e1248321deab7,No,NoDisponible,,,,,,,
457,Peromyscus gratus,170250,-99.8745663,19.7975,,False,4,20.68,Mammalia,Rodentia,Cricetidae,2583,Terrestre,1948,,2017-12,http://www.snib.mx/snibgeoportal/Ejemplar.php?id=8a47890bd4d2d86849dd28acb2e67c83,8a47890bd4d2d86849dd28acb2e67c83,No,NoDisponible,,,,,,,
679,Peromyscus gratus,127861,-104.9011111,24.4113889,,False,4,17.17,Mammalia,Rodentia,Cricetidae,2430,Terrestre,9999,,2017-12,http://www.snib.mx/snibgeoportal/Ejemplar.php?id=8a615aac4af654e7b5a3473ede95f381,8a615aac4af654e7b5a3473ede95f381,No,NoDisponible,,,,,,,
193,Peromyscus gratus,175055,-99.2167722,19.3233333,,False,4,21.09,Mammalia,Rodentia,Cricetidae,2398,Terrestre,1944,,2017-12,http://www.snib.mx/snibgeoportal/Ejemplar.php?id=8ab1b1974cdbbe24a628f19f1b7a1e7c,8ab1b1974cdbbe24a628f19f1b7a1e7c,No,NoDisponible,,,,,,,
113,Peromyscus gratus,170312,-99.9333333,20.4833333,,False,4,14.73,Mammalia,Rodentia,Cricetidae,1886,Terrestre,1984,,2017-12,http://www.snib.mx/snibgeoportal/Ejemplar.php?id=8ae7a889f1c8f6f4c80dddc58b8bd9fc,8ae7a889f1c8f6f4c80dddc58b8bd9fc,No,NoDisponible,,,,,,,
194,Peromyscus gratus,175055,-99.2167722,19.3233333,,False,4,21.09,Mammalia,Rodentia,Cricetidae,2398,Terrestre,1944,,2017-12,http://www.snib.mx/snibgeoportal/Ejemplar.php?id=8b075a76924b29f43b8d36025908bf82,8b075a76924b29f43b8d36025908bf82,No,NoDisponible,,,,,,,
713,Peromyscus gratus,132392,-104.2638889,23.1469444,,False,5,26.75,Mammalia,Rodentia,Cricetidae,2318,Terrestre,9999,,2017-12,http://www.snib.mx/snibgeoportal/Ejemplar.php?id=8b3656a7138e3911e6dc502bec470df2,8b3656a7138e3911e6dc502bec470df2,No,NoDisponible,,,,,,,
669,Peromyscus gratus,179992,-98.7941667,19.6897222,,False,4,19.25,Mammalia,Rodentia,Cricetidae,2315,Terrestre,9999,,2017-12,http://www.snib.mx/snibgeoportal/Ejemplar.php?id=8c33a63580c5a0477962c10551c85994,8c33a63580c5a0477962c10551c85994,No,NoDisponible,,,,,,,
195,Peromyscus gratus,175055,-99.2167722,19.3233333,,False,4,21.09,Mammalia,Rodentia,Cricetidae,2398,Terrestre,1944,,2017-12,http://www.snib.mx/snibgeoportal/Ejemplar.php?id=8c40d4dd6c16944be71ddbc12566d034,8c40d4dd6c16944be71ddbc12566d034,No,NoDisponible,,,,,,,
293,Peromyscus gratus,199453,-96.4080872,16.9222222,,False,4,9.24,Mammalia,Rodentia,Cricetidae,1645,Terrestre,1955,,2017-12,http://www.snib.mx/snibgeoportal/Ejemplar.php?id=8c499c6aadc08ae9cf1862d2c9344a17,8c499c6aadc08ae9cf1862d2c9344a17,No,NoDisponible,,,,,,,
614,Peromyscus gratus,110105,-107.3305556,28.935,,False,4,7.65,Mammalia,Rodentia,Cricetidae,1957,Terrestre,9999,,2017-12,http://www.snib.mx/snibgeoportal/Ejemplar.php?id=8ca8b392a895cdcf644f82cf853a4d05,8ca8b392a895cdcf644f82cf853a4d05,No,NoDisponible,,,,,,,
681,Peromyscus gratus,127861,-104.9011111,24.4113889,,False,4,17.17,Mammalia,Rodentia,Cricetidae,2430,Terrestre,9999,,2017-12,http://www.snib.mx/snibgeoportal/Ejemplar.php?id=8cba71ca72d4196e6b9df278f46e66ed,8cba71ca72d4196e6b9df278f46e66ed,No,NoDisponible,,,,,,,
272,Peromyscus gratus,175073,-99.1616667,19.2166667,,False,4,22.57,Mammalia,Rodentia,Cricetidae,2845,Terrestre,9999,,2017-12,http://www.snib.mx/snibgeoportal/Ejemplar.php?id=8ccaaef92e730d2851a696f86353da8c,8ccaaef92e730d2851a696f86353da8c,No,NoDisponible,,,,,,,
758,Peromyscus gratus,137037,-103.8816667,23.0744444,,False,5,33.47,Mammalia,Rodentia,Cricetidae,2663,Terrestre,9999,,2017-12,http://www.snib.mx/snibgeoportal/Ejemplar.php?id=8cf74baa2624ebc285eda1789d9fa592,8cf74baa2624ebc285eda1789d9fa592,No,NoDisponible,,,,,,,
39,Peromyscus gratus,175052,-99.225,19.30833,,False,4,22.99,Mammalia,Rodentia,Cricetidae,2434,Terrestre,1892,,2017-12,http://www.snib.mx/snibgeoportal/Ejemplar.php?id=8d095565c39bd5d5bcd0f0f0f7ef450c,8d095565c39bd5d5bcd0f0f0f7ef450c,No,NoDisponible,,,,,,,
104,Peromyscus gratus,165547,-100.0666667,20.8,,False,4,12.86,Mammalia,Rodentia,Cricetidae,2062,Terrestre,1984,,2017-12,http://www.snib.mx/snibgeoportal/Ejemplar.php?id=8d2811a7796bbd6ae8b6ae034fb176ba,8d2811a7796bbd6ae8b6ae034fb176ba,No,NoDisponible,,,,,,,
354,Peromyscus gratus,160551,-100.8167958,19.8686194,,False,4,21.81,Mammalia,Rodentia,Cricetidae,1943,Terrestre,1954,,2017-12,http://www.snib.mx/snibgeoportal/Ejemplar.php?id=8e1d9a9cfaf2e45da5fd8be0675b66f0,8e1d9a9cfaf2e45da5fd8be0675b66f0,No,NoDisponible,,,,,,,
708,Peromyscus gratus,175038,-99.0127778,19.1738889,,False,4,20.89,Mammalia,Rodentia,Cricetidae,2696,Terrestre,9999,,2017-12,http://www.snib.mx/snibgeoportal/Ejemplar.php?id=8e4a5f0e361adea3fc9619feeac94ad3,8e4a5f0e361adea3fc9619feeac94ad3,No,NoDisponible,,,,,,,
355,Peromyscus gratus,160551,-100.8167958,19.8686194,,False,4,21.81,Mammalia,Rodentia,Cricetidae,1943,Terrestre,1954,,2017-12,http://www.snib.mx/snibgeoportal/Ejemplar.php?id=8e6c24f673b4ee8c807ab0b66f2d51da,8e6c24f673b4ee8c807ab0b66f2d51da,No,NoDisponible,,,,,,,
723,Peromyscus gratus,155665,-101.6927778,19.5158333,,False,4,17.22,Mammalia,Rodentia,Cricetidae,2062,Terrestre,9999,,2017-12,http://www.snib.mx/snibgeoportal/Ejemplar.php?id=8f19160855cf0fadb133643761074092,8f19160855cf0fadb133643761074092,No,NoDisponible,,,,,,,
398,Peromyscus gratus,175077,-99.166667,19.3205556,,False,4,17.79,Mammalia,Rodentia,Cricetidae,2291,Terrestre,9999,,2017-12,http://www.snib.mx/snibgeoportal/Ejemplar.php?id=8f9b26bca951432bde3734f5394a1040,8f9b26bca951432bde3734f5394a1040,No,NoDisponible,,,,,,,
6,Peromyscus gratus,175052,-99.2251053,19.3083333,,False,4,22.99,Mammalia,Rodentia,Cricetidae,2434,Terrestre,1955,,2017-12,http://www.snib.mx/snibgeoportal/Ejemplar.php?id=8ff258ae896ab12953137fd4f401688a,8ff258ae896ab12953137fd4f401688a,No,NoDisponible,,,,,,,
28,Peromyscus gratus,175052,-99.225,19.3083333,,False,4,22.99,Mammalia,Rodentia,Cricetidae,2434,Terrestre,9999,,2017-12,http://www.snib.mx/snibgeoportal/Ejemplar.php?id=90028aabebfee8849706b00e3f15e44b,90028aabebfee8849706b00e3f15e44b,No,NoDisponible,,,,,,,
606,Peromyscus gratus,194666,-96.72,17.0677778,,False,4,15.79,Mammalia,Rodentia,Cricetidae,1566,Terrestre,9999,,2017-12,http://www.snib.mx/snibgeoportal/Ejemplar.php?id=902be1ae4a6259e60eb1241f434300b5,902be1ae4a6259e60eb1241f434300b5,No,NoDisponible,,,,,,,
620,Peromyscus gratus,146131,-102.7830556,20.0016667,,False,4,10.61,Mammalia,Rodentia,Cricetidae,1970,Terrestre,9999,,2017-12,http://www.snib.mx/snibgeoportal/Ejemplar.php?id=9055050e226f8990cf69d51d9d5ca29b,9055050e226f8990cf69d51d9d5ca29b,No,NoDisponible,,,,,,,
632,Peromyscus gratus,175081,-98.9669444,19.2194444,,False,5,26.56,Mammalia,Rodentia,Cricetidae,2235,Terrestre,9999,,2017-12,http://www.snib.mx/snibgeoportal/Ejemplar.php?id=9094d7466dd0c44aa4b4f272c1bc70e8,9094d7466dd0c44aa4b4f272c1bc70e8,No,NoDisponible,,,,,,,
29,Peromyscus gratus,175052,-99.225,19.3083333,,False,4,22.99,Mammalia,Rodentia,Cricetidae,2434,Terrestre,9999,,2017-12,http://www.snib.mx/snibgeoportal/Ejemplar.php?id=91342fb2f4a3f0fb4558e5a5fbcfe892,91342fb2f4a3f0fb4558e5a5fbcfe892,No,NoDisponible,,,,,,,
231,Peromyscus gratus,175082,-99.0226003,19.25,,False,4,19.89,Mammalia,Rodentia,Cricetidae,2306,Terrestre,1947,,2017-12,http://www.snib.mx/snibgeoportal/Ejemplar.php?id=91f4edceeb3423d7a49317d191756b88,91f4edceeb3423d7a49317d191756b88,No,NoDisponible,,,,,,,
641,Peromyscus gratus,175143,-99.0963889,19.8666667,,False,4,13.7,Mammalia,Rodentia,Cricetidae,2318,Terrestre,9999,,2017-12,http://www.snib.mx/snibgeoportal/Ejemplar.php?id=92780355f3fff568311846bf44377dcd,92780355f3fff568311846bf44377dcd,No,NoDisponible,,,,,,,
688,Peromyscus gratus,180030,-98.4491667,19.7086111,,False,4,22.9,Mammalia,Rodentia,Cricetidae,2489,Terrestre,9999,,2017-12,http://www.snib.mx/snibgeoportal/Ejemplar.php?id=92e3e1efd75468e7d3282048b11636cc,92e3e1efd75468e7d3282048b11636cc,No,NoDisponible,,,,,,,
772,Peromyscus gratus,141781,-103.4577778,23.3769444,,False,4,18.75,Mammalia,Rodentia,Cricetidae,2355,Terrestre,9999,,2017-12,http://www.snib.mx/snibgeoportal/Ejemplar.php?id=93618daaf098c6bc2e1e605355570a08,93618daaf098c6bc2e1e605355570a08,No,NoDisponible,,,,,,,
551,Peromyscus gratus,109957,-107.494992,27.784533,,False,4,10.72,Mammalia,Rodentia,Cricetidae,2197,Terrestre,1968,,2017-12,http://www.snib.mx/snibgeoportal/Ejemplar.php?id=93adaeeff18e6ef0cee73aabc5be75fb,93adaeeff18e6ef0cee73aabc5be75fb,No,NoDisponible,,,,,,,
435,Peromyscus gratus,165386,-100.4504461,19.83939,,False,4,13.88,Mammalia,Rodentia,Cricetidae,2065,Terrestre,1954,,2017-12,http://www.snib.mx/snibgeoportal/Ejemplar.php?id=93b19bf0670f58a3077b436ac693be3c,93b19bf0670f58a3077b436ac693be3c,No,NoDisponible,,,,,,,
377,Peromyscus gratus,175077,-99.166667,19.3205556,,False,4,17.79,Mammalia,Rodentia,Cricetidae,2291,Terrestre,1947,,2017-12,http://www.snib.mx/snibgeoportal/Ejemplar.php?id=93bccf68131f8da4b43f0a21ae380e82,93bccf68131f8da4b43f0a21ae380e82,No,NoDisponible,,,,,,,
774,Peromyscus gratus,155828,-101.3805556,20.6372222,,False,3,4.19,Mammalia,Rodentia,Cricetidae,1720,Terrestre,9999,,2017-12,http://www.snib.mx/snibgeoportal/Ejemplar.php?id=93d69cc3f5b64f4428ef21260c3250e5,93d69cc3f5b64f4428ef21260c3250e5,No,NoDisponible,,,,,,,
399,Peromyscus gratus,175077,-99.166667,19.3205556,,False,4,17.79,Mammalia,Rodentia,Cricetidae,2291,Terrestre,9999,,2017-12,http://www.snib.mx/snibgeoportal/Ejemplar.php?id=93d965fb09e20c67790061070f3c2db3,93d965fb09e20c67790061070f3c2db3,No,NoDisponible,,,,,,,
196,Peromyscus gratus,175055,-99.2167722,19.3233333,,False,4,21.09,Mammalia,Rodentia,Cricetidae,2398,Terrestre,1944,,2017-12,http://www.snib.mx/snibgeoportal/Ejemplar.php?id=93e7a03cba44d8a7c8dc924b062465b9,93e7a03cba44d8a7c8dc924b062465b9,No,NoDisponible,,,,,,,
552,Peromyscus gratus,109957,-107.494992,27.784533,,False,4,10.72,Mammalia,Rodentia,Cricetidae,2197,Terrestre,1968,,2017-12,http://www.snib.mx/snibgeoportal/Ejemplar.php?id=94011d6d67241a57619f329aa4f15cb1,94011d6d67241a57619f329aa4f15cb1,No,NoDisponible,,,,,,,
493,Peromyscus gratus,137100,-103.798939,23.575243,,False,4,18.1,Mammalia,Rodentia,Cricetidae,2131,Terrestre,1969,,2017-12,http://www.snib.mx/snibgeoportal/Ejemplar.php?id=9428d74dff6f95a3e971cef33c102ff5,9428d74dff6f95a3e971cef33c102ff5,No,NoDisponible,,,,,,,
364,Peromyscus gratus,175077,-99.1495476,19.3341667,,False,4,17.79,Mammalia,Rodentia,Cricetidae,2252,Terrestre,1947,,2017-12,http://www.snib.mx/snibgeoportal/Ejemplar.php?id=947fbf35be70e15b68bfe6a104f19257,947fbf35be70e15b68bfe6a104f19257,No,NoDisponible,,,,,,,
517,Peromyscus gratus,127800,-104.782069,23.986394,,False,4,19.12,Mammalia,Rodentia,Cricetidae,2221,Terrestre,9999,,2017-12,http://www.snib.mx/snibgeoportal/Ejemplar.php?id=94879c76d1fe5409a4d9dd23fdf075f8,94879c76d1fe5409a4d9dd23fdf075f8,No,NoDisponible,,,,,,,
7,Peromyscus gratus,175052,-99.2251053,19.3083333,,False,4,22.99,Mammalia,Rodentia,Cricetidae,2434,Terrestre,1955,,2017-12,http://www.snib.mx/snibgeoportal/Ejemplar.php?id=94c8258e35395b49799a4ccfe8d9eacd,94c8258e35395b49799a4ccfe8d9eacd,No,NoDisponible,,,,,,,
626,Peromyscus gratus,101362,-108.3380556,29.9741667,,False,4,10.82,Mammalia,Rodentia,Cricetidae,2153,Terrestre,9999,SI,2017-12,http://www.snib.mx/snibgeoportal/Ejemplar.php?id=9569b0c7190733d25d19ce7f09429419,9569b0c7190733d25d19ce7f09429419,No,NoDisponible,,,,,,,
310,Peromyscus gratus,150991,-102.0981889,20.4057822,,False,3,5.19,Mammalia,Rodentia,Cricetidae,1722,Terrestre,1966,,2017-12,http://www.snib.mx/snibgeoportal/Ejemplar.php?id=95a7bf39ca69d128f8490bafc609ac1d,95a7bf39ca69d128f8490bafc609ac1d,No,NoDisponible,,,,,,,
50,Peromyscus gratus,175051,-99.2077789,19.233055,,False,4,16.74,Mammalia,Rodentia,Cricetidae,2913,Terrestre,1944,,2017-12,http://www.snib.mx/snibgeoportal/Ejemplar.php?id=96df269d9983d41a51def708fbbe88a5,96df269d9983d41a51def708fbbe88a5,No,NoDisponible,,,,,,,
253,Peromyscus gratus,146186,-102.7307037,20.3919878,,False,3,4.28,Mammalia,Rodentia,Cricetidae,1543,Terrestre,1949,,2017-12,http://www.snib.mx/snibgeoportal/Ejemplar.php?id=9709b349164809d640fe5dcdeb6ef7a0,9709b349164809d640fe5dcdeb6ef7a0,No,NoDisponible,,,,,,,
426,Peromyscus gratus,184857,-98.1514677,18.9408333,,False,4,19.72,Mammalia,Rodentia,Cricetidae,2112,Terrestre,1952,,2017-12,http://www.snib.mx/snibgeoportal/Ejemplar.php?id=973b8bd847776c9757605e53a4b26d9f,973b8bd847776c9757605e53a4b26d9f,No,NoDisponible,,,,,,,
574,Peromyscus gratus,151138,-102.0210103,21.4571136,,False,4,16.84,Mammalia,Rodentia,Cricetidae,2045,Terrestre,2000,,2017-12,http://www.snib.mx/snibgeoportal/Ejemplar.php?id=97576de3270c968c93e6e585419de2f6,97576de3270c968c93e6e585419de2f6,No,NoDisponible,,,,,,,
662,Peromyscus gratus,161215,-100.6541667,25.4333333,,False,4,19.93,Mammalia,Rodentia,Cricetidae,2401,Terrestre,9999,,2017-12,http://www.snib.mx/snibgeoportal/Ejemplar.php?id=97cfdcca92f49c7b65e1862404dbe0ab,97cfdcca92f49c7b65e1862404dbe0ab,No,NoDisponible,,,,,,,
132,Peromyscus gratus,175055,-99.1891667,19.3380556,,False,4,21.09,Mammalia,Rodentia,Cricetidae,2276,Terrestre,1977,SI,2017-12,http://www.snib.mx/snibgeoportal/Ejemplar.php?id=985cc6b7301747ee68e1501d27b6d18f,985cc6b7301747ee68e1501d27b6d18f,No,NoDisponible,,,,,,,
55,Peromyscus gratus,175167,-98.9228791,20.1583333,,False,4,17.15,Mammalia,Rodentia,Cricetidae,2263,Terrestre,1946,,2017-12,http://www.snib.mx/snibgeoportal/Ejemplar.php?id=9942752a418f0ae870d20d97f1f84865,9942752a418f0ae870d20d97f1f84865,No,NoDisponible,,,,,,,
448,Peromyscus gratus,155673,-101.6096021,19.51583,,False,4,22.19,Mammalia,Rodentia,Cricetidae,2149,Terrestre,1947,,2017-12,http://www.snib.mx/snibgeoportal/Ejemplar.php?id=998c563815c4897bc1840057732f3911,998c563815c4897bc1840057732f3911,No,NoDisponible,,,,,,,
573,Peromyscus gratus,189798,-97.4421687,18.3564017,,False,3,-1.88,Mammalia,Rodentia,Cricetidae,1676,Terrestre,2000,,2017-12,http://www.snib.mx/snibgeoportal/Ejemplar.php?id=99affbf9032a7ebc05ee70df795de92e,99affbf9032a7ebc05ee70df795de92e,Si,NoDisponible,No,Si,Si,,,,
365,Peromyscus gratus,175077,-99.1495476,19.3341667,,False,4,17.79,Mammalia,Rodentia,Cricetidae,2252,Terrestre,1947,,2017-12,http://www.snib.mx/snibgeoportal/Ejemplar.php?id=9a29271ae8662c5fae29225803a483c5,9a29271ae8662c5fae29225803a483c5,No,NoDisponible,,,,,,,
400,Peromyscus gratus,175077,-99.166667,19.3205556,,False,4,17.79,Mammalia,Rodentia,Cricetidae,2291,Terrestre,9999,,2017-12,http://www.snib.mx/snibgeoportal/Ejemplar.php?id=9a2f0765e3cf65f4a29acf65f7054e16,9a2f0765e3cf65f4a29acf65f7054e16,No,NoDisponible,,,,,,,
658,Peromyscus gratus,165353,-100.147574,19.203933,,False,4,16.67,Mammalia,Rodentia,Cricetidae,1806,Terrestre,9999,,2017-12,http://www.snib.mx/snibgeoportal/Ejemplar.php?id=9acaaff4bc6a4e099d275a216bb5bde0,9acaaff4bc6a4e099d275a216bb5bde0,No,NoDisponible,,,,,,,
715,Peromyscus gratus,127675,-104.6516667,22.6902778,,False,3,-2.91,Mammalia,Rodentia,Cricetidae,1026,Terrestre,9999,,2017-12,http://www.snib.mx/snibgeoportal/Ejemplar.php?id=9b117bad9b8cc8389ba66d8ef3429279,9b117bad9b8cc8389ba66d8ef3429279,No,NoDisponible,,,,,,,
245,Peromyscus gratus,175053,-99.3009253,19.378494,,False,4,22.53,Mammalia,Rodentia,Cricetidae,2546,Terrestre,1947,,2017-12,http://www.snib.mx/snibgeoportal/Ejemplar.php?id=9b70a59739cd3baa9c9c38900432f392,9b70a59739cd3baa9c9c38900432f392,No,NoDisponible,,,,,,,
88,Peromyscus gratus,170417,-99.7333333,21.1,,False,5,34.29,Mammalia,Rodentia,Cricetidae,1710,Terrestre,1983,,2017-12,http://www.snib.mx/snibgeoportal/Ejemplar.php?id=9bf50d1a411f31181201bf7f89b1a8f9,9bf50d1a411f31181201bf7f89b1a8f9,No,NoDisponible,,,,,,,
421,Peromyscus gratus,160569,-100.7218132,20.03139,,False,4,13.2,Mammalia,Rodentia,Cricetidae,1864,Terrestre,1954,,2017-12,http://www.snib.mx/snibgeoportal/Ejemplar.php?id=9c58860e9a1b26d49856480b8ed1ef6b,9c58860e9a1b26d49856480b8ed1ef6b,No,NoDisponible,,,,,,,
661,Peromyscus gratus,194665,-96.7091667,17.0022222,,False,4,10.74,Mammalia,Rodentia,Cricetidae,1544,Terrestre,9999,,2017-12,http://www.snib.mx/snibgeoportal/Ejemplar.php?id=9c7b683a4f02c353a3b2960bbc830987,9c7b683a4f02c353a3b2960bbc830987,Si,NoDisponible,No,Si,Si,,,,
333,Peromyscus gratus,146250,-102.7030971,20.9039788,,False,4,10.59,Mammalia,Rodentia,Cricetidae,1992,Terrestre,1949,,2017-12,http://www.snib.mx/snibgeoportal/Ejemplar.php?id=9c9850cd5c76a1d20e52f39e0bfaa113,9c9850cd5c76a1d20e52f39e0bfaa113,No,NoDisponible,,,,,,,
408,Peromyscus gratus,175077,-99.166667,19.3205556,,False,4,17.79,Mammalia,Rodentia,Cricetidae,2291,Terrestre,1944,,2017-12,http://www.snib.mx/snibgeoportal/Ejemplar.php?id=9cbe236f7c684e8b76f189a6f283f84f,9cbe236f7c684e8b76f189a6f283f84f,No,NoDisponible,,,,,,,
401,Peromyscus gratus,175077,-99.166667,19.3205556,,False,4,17.79,Mammalia,Rodentia,Cricetidae,2291,Terrestre,9999,,2017-12,http://www.snib.mx/snibgeoportal/Ejemplar.php?id=9d54e9b91ca2df75f611d4c3ec2e286c,9d54e9b91ca2df75f611d4c3ec2e286c,No,NoDisponible,,,,,,,
610,Peromyscus gratus,166034,-100.5791667,25.3722222,,False,4,23.99,Mammalia,Rodentia,Cricetidae,3180,Terrestre,9999,,2017-12,http://www.snib.mx/snibgeoportal/Ejemplar.php?id=9dbad8068f76f5dc00892416b77cca33,9dbad8068f76f5dc00892416b77cca33,No,NoDisponible,,,,,,,
197,Peromyscus gratus,175055,-99.2167722,19.3233333,,False,4,21.09,Mammalia,Rodentia,Cricetidae,2398,Terrestre,1944,,2017-12,http://www.snib.mx/snibgeoportal/Ejemplar.php?id=9e17bf99fa355f7af291d4b5a8f09372,9e17bf99fa355f7af291d4b5a8f09372,No,NoDisponible,,,,,,,
138,Peromyscus gratus,175055,-99.2251054,19.3375,,False,4,21.09,Mammalia,Rodentia,Cricetidae,2438,Terrestre,1947,,2017-12,http://www.snib.mx/snibgeoportal/Ejemplar.php?id=9eb6bd904dc9bf844476216ed890171f,9eb6bd904dc9bf844476216ed890171f,No,NoDisponible,,,,,,,
313,Peromyscus gratus,199452,-96.3603078,16.8430556,,False,4,17.29,Mammalia,Rodentia,Cricetidae,1958,Terrestre,1953,,2017-12,http://www.snib.mx/snibgeoportal/Ejemplar.php?id=9ec45eb984671deb4ee765d09ea3a046,9ec45eb984671deb4ee765d09ea3a046,No,NoDisponible,,,,,,,
777,Peromyscus gratus,160779,-100.9069444,21.92,,False,3,5.52,Mammalia,Rodentia,Cricetidae,1845,Terrestre,9999,,2017-12,http://www.snib.mx/snibgeoportal/Ejemplar.php?id=9edca4888dc667ad5e6ca20d793a1a3b,9edca4888dc667ad5e6ca20d793a1a3b,No,NoDisponible,,,,,,,
511,Peromyscus gratus,137100,-103.794543,23.576915,,False,4,18.1,Mammalia,Rodentia,Cricetidae,2140,Terrestre,1969,,2017-12,http://www.snib.mx/snibgeoportal/Ejemplar.php?id=9f2c6909e2299539a5c9462dedb2de5b,9f2c6909e2299539a5c9462dedb2de5b,No,NoDisponible,,,,,,,
494,Peromyscus gratus,137100,-103.798939,23.575243,,False,4,18.1,Mammalia,Rodentia,Cricetidae,2131,Terrestre,1969,,2017-12,http://www.snib.mx/snibgeoportal/Ejemplar.php?id=9f81e841aa73b7f35535d8a079836348,9f81e841aa73b7f35535d8a079836348,No,NoDisponible,,,,,,,
459,Peromyscus gratus,155674,-101.6096022,19.5449329,,False,4,14.35,Mammalia,Rodentia,Cricetidae,2047,Terrestre,1947,,2017-12,http://www.snib.mx/snibgeoportal/Ejemplar.php?id=9f845fe2c3a28912b4871745ba6bb646,9f845fe2c3a28912b4871745ba6bb646,No,NoDisponible,,,,,,,
637,Peromyscus gratus,137018,-103.5677778,22.7702778,,False,4,14.82,Mammalia,Rodentia,Cricetidae,1898,Terrestre,9999,,2017-12,http://www.snib.mx/snibgeoportal/Ejemplar.php?id=9faffb704bf5d53d55a3ba93e379bfb8,9faffb704bf5d53d55a3ba93e379bfb8,No,NoDisponible,,,,,,,
366,Peromyscus gratus,175077,-99.1495476,19.3341667,,False,4,17.79,Mammalia,Rodentia,Cricetidae,2252,Terrestre,1947,,2017-12,http://www.snib.mx/snibgeoportal/Ejemplar.php?id=9fdcbd655a532564a9eacf2014d18311,9fdcbd655a532564a9eacf2014d18311,No,NoDisponible,,,,,,,
733,Peromyscus gratus,114643,-106.8611111,29.3872222,,False,3,5.27,Mammalia,Rodentia,Cricetidae,2056,Terrestre,9999,,2017-12,http://www.snib.mx/snibgeoportal/Ejemplar.php?id=9fedfbd3c55d6a90317eee63f5a9e9ed,9fedfbd3c55d6a90317eee63f5a9e9ed,No,NoDisponible,,,,,,,
512,Peromyscus gratus,137100,-103.794543,23.576915,,False,4,18.1,Mammalia,Rodentia,Cricetidae,2140,Terrestre,1969,,2017-12,http://www.snib.mx/snibgeoportal/Ejemplar.php?id=a03d01c19550327eec03d1d7a7bbbd7b,a03d01c19550327eec03d1d7a7bbbd7b,No,NoDisponible,,,,,,,
409,Peromyscus gratus,175077,-99.1666666,19.319,,False,4,17.79,Mammalia,Rodentia,Cricetidae,2296,Terrestre,2006,SI,2017-12,http://www.snib.mx/snibgeoportal/Ejemplar.php?id=a07f1bd8e114f70cdf8aa2cd8607fa0a,a07f1bd8e114f70cdf8aa2cd8607fa0a,No,NoDisponible,,,,,,,
646,Peromyscus gratus,137081,-103.5644444,23.255,,False,4,25.22,Mammalia,Rodentia,Cricetidae,2770,Terrestre,9999,,2017-12,http://www.snib.mx/snibgeoportal/Ejemplar.php?id=a150b58aeaa072a864dc30b3d2d2a910,a150b58aeaa072a864dc30b3d2d2a910,No,NoDisponible,,,,,,,
569,Peromyscus gratus,137101,-103.876889,23.634644,,False,4,19.65,Mammalia,Rodentia,Cricetidae,2098,Terrestre,1969,,2017-12,http://www.snib.mx/snibgeoportal/Ejemplar.php?id=a198119d54ff1bd5214e397e17c1a3cc,a198119d54ff1bd5214e397e17c1a3cc,No,NoDisponible,,,,,,,
523,Peromyscus gratus,156379,-101.498453,25.357118,,False,3,-1.9,Mammalia,Rodentia,Cricetidae,1529,Terrestre,1973,,2017-12,http://www.snib.mx/snibgeoportal/Ejemplar.php?id=a1d3088755caae2b0f80408b6fda3045,a1d3088755caae2b0f80408b6fda3045,Si,NoDisponible,No,No,Si,,,,
56,Peromyscus gratus,175167,-98.9228791,20.1583333,,False,4,17.15,Mammalia,Rodentia,Cricetidae,2263,Terrestre,1946,,2017-12,http://www.snib.mx/snibgeoportal/Ejemplar.php?id=a209d0500040edb0668fc3d2bb86a0a4,a209d0500040edb0668fc3d2bb86a0a4,No,NoDisponible,,,,,,,
198,Peromyscus gratus,175055,-99.2167722,19.3233333,,False,4,21.09,Mammalia,Rodentia,Cricetidae,2398,Terrestre,1944,,2017-12,http://www.snib.mx/snibgeoportal/Ejemplar.php?id=a21c14d7522b1e7768e98b38ccb24641,a21c14d7522b1e7768e98b38ccb24641,No,NoDisponible,,,,,,,
356,Peromyscus gratus,160551,-100.8167958,19.8686194,,False,4,21.81,Mammalia,Rodentia,Cricetidae,1943,Terrestre,1954,,2017-12,http://www.snib.mx/snibgeoportal/Ejemplar.php?id=a22288caebb23d362ff3ca60b90646d9,a22288caebb23d362ff3ca60b90646d9,No,NoDisponible,,,,,,,
627,Peromyscus gratus,151237,-102.2916667,22.5388889,,False,4,10.5,Mammalia,Rodentia,Cricetidae,2050,Terrestre,9999,,2017-12,http://www.snib.mx/snibgeoportal/Ejemplar.php?id=a2c0edf2e66e320663ab36298d722104,a2c0edf2e66e320663ab36298d722104,No,NoDisponible,,,,,,,
232,Peromyscus gratus,175082,-99.0226003,19.25,,False,4,19.89,Mammalia,Rodentia,Cricetidae,2306,Terrestre,1947,,2017-12,http://www.snib.mx/snibgeoportal/Ejemplar.php?id=a2d81ebaac5f94603dc3bb6a63a091c3,a2d81ebaac5f94603dc3bb6a63a091c3,No,NoDisponible,,,,,,,
8,Peromyscus gratus,175052,-99.2251053,19.3083333,,False,4,22.99,Mammalia,Rodentia,Cricetidae,2434,Terrestre,1955,,2017-12,http://www.snib.mx/snibgeoportal/Ejemplar.php?id=a2d9fe022fff8a3d95c8d1692aa4042e,a2d9fe022fff8a3d95c8d1692aa4042e,No,NoDisponible,,,,,,,
378,Peromyscus gratus,175077,-99.166667,19.3205556,,False,4,17.79,Mammalia,Rodentia,Cricetidae,2291,Terrestre,1947,,2017-12,http://www.snib.mx/snibgeoportal/Ejemplar.php?id=a2ed6730b38e797109172e9b8d191862,a2ed6730b38e797109172e9b8d191862,No,NoDisponible,,,,,,,
611,Peromyscus gratus,175092,-99.0930556,19.5666667,,False,5,28.67,Mammalia,Rodentia,Cricetidae,2385,Terrestre,9999,,2017-12,http://www.snib.mx/snibgeoportal/Ejemplar.php?id=a346a5005999f524cd937c6df39722f9,a346a5005999f524cd937c6df39722f9,No,NoDisponible,,,,,,,
1,Peromyscus gratus,175052,-99.2249983,19.3083322,,False,4,22.99,Mammalia,Rodentia,Cricetidae,2434,Terrestre,1892,,2017-12,http://www.snib.mx/snibgeoportal/Ejemplar.php?id=a3994e9b43f94f79d7ec17835c8dde8b,a3994e9b43f94f79d7ec17835c8dde8b,No,NoDisponible,,,,,,,
478,Peromyscus gratus,137056,-103.797461,23.458764,,False,5,26.04,Mammalia,Rodentia,Cricetidae,2466,Terrestre,1970,,2017-12,http://www.snib.mx/snibgeoportal/Ejemplar.php?id=a3c7eb24142b8f57f4bf6bbc78123da7,a3c7eb24142b8f57f4bf6bbc78123da7,No,NoDisponible,,,,,,,
294,Peromyscus gratus,199453,-96.4080872,16.9222222,,False,4,9.24,Mammalia,Rodentia,Cricetidae,1645,Terrestre,1955,,2017-12,http://www.snib.mx/snibgeoportal/Ejemplar.php?id=a3df22b2eb2b2a4ebe934c9f9836b86d,a3df22b2eb2b2a4ebe934c9f9836b86d,No,NoDisponible,,,,,,,
553,Peromyscus gratus,109957,-107.494992,27.784533,,False,4,10.72,Mammalia,Rodentia,Cricetidae,2197,Terrestre,1968,,2017-12,http://www.snib.mx/snibgeoportal/Ejemplar.php?id=a4d76d8cedc613e7addc2208927f3300,a4d76d8cedc613e7addc2208927f3300,No,NoDisponible,,,,,,,
432,Peromyscus gratus,141489,-103.1380019,20.57045,,False,3,0,Mammalia,Rodentia,Cricetidae,1491,Terrestre,1949,,2017-12,http://www.snib.mx/snibgeoportal/Ejemplar.php?id=a4ff2eed8038cae09d4457fd73071792,a4ff2eed8038cae09d4457fd73071792,No,NoDisponible,,,,,,,
199,Peromyscus gratus,175055,-99.2167722,19.3233333,,False,4,21.09,Mammalia,Rodentia,Cricetidae,2398,Terrestre,1944,,2017-12,http://www.snib.mx/snibgeoportal/Ejemplar.php?id=a5003e385ab1e0d093db4a7b841ef669,a5003e385ab1e0d093db4a7b841ef669,No,NoDisponible,,,,,,,
625,Peromyscus gratus,101362,-108.3380556,29.9741667,,False,4,10.82,Mammalia,Rodentia,Cricetidae,2153,Terrestre,9999,SI,2017-12,http://www.snib.mx/snibgeoportal/Ejemplar.php?id=a531bcd742b77ebc53a31e590b9d6219,a531bcd742b77ebc53a31e590b9d6219,No,NoDisponible,,,,,,,
144,Peromyscus gratus,175055,-99.2145491,19.3233333,,False,4,21.09,Mammalia,Rodentia,Cricetidae,2371,Terrestre,1947,,2017-12,http://www.snib.mx/snibgeoportal/Ejemplar.php?id=a5475ef6997cf73f8d61daec1d386f62,a5475ef6997cf73f8d61daec1d386f62,No,NoDisponible,,,,,,,
518,Peromyscus gratus,127800,-104.782069,23.986394,,False,4,19.12,Mammalia,Rodentia,Cricetidae,2221,Terrestre,9999,,2017-12,http://www.snib.mx/snibgeoportal/Ejemplar.php?id=a56d28c6b3d5c77b3d4ec0e16d97075f,a56d28c6b3d5c77b3d4ec0e16d97075f,No,NoDisponible,,,,,,,
314,Peromyscus gratus,199452,-96.3603078,16.8430556,,False,4,17.29,Mammalia,Rodentia,Cricetidae,1958,Terrestre,1953,,2017-12,http://www.snib.mx/snibgeoportal/Ejemplar.php?id=a5768872ee8802c92df27ee949c2689f,a5768872ee8802c92df27ee949c2689f,No,NoDisponible,,,,,,,
382,Peromyscus gratus,175077,-99.1617709,19.3352778,,False,4,17.79,Mammalia,Rodentia,Cricetidae,2253,Terrestre,1947,,2017-12,http://www.snib.mx/snibgeoportal/Ejemplar.php?id=a589ba436e711b4c5cc319802a5fe03f,a589ba436e711b4c5cc319802a5fe03f,No,NoDisponible,,,,,,,
30,Peromyscus gratus,175052,-99.225,19.3083333,,False,4,22.99,Mammalia,Rodentia,Cricetidae,2434,Terrestre,9999,,2017-12,http://www.snib.mx/snibgeoportal/Ejemplar.php?id=a59835622299722ef92439d057005e2d,a59835622299722ef92439d057005e2d,No,NoDisponible,,,,,,,
114,Peromyscus gratus,170312,-99.9333333,20.4833333,,False,4,14.73,Mammalia,Rodentia,Cricetidae,1886,Terrestre,1984,,2017-12,http://www.snib.mx/snibgeoportal/Ejemplar.php?id=a5f6e8e81e959da069fb7666f2ce1314,a5f6e8e81e959da069fb7666f2ce1314,No,NoDisponible,,,,,,,
200,Peromyscus gratus,175055,-99.2167722,19.3233333,,False,4,21.09,Mammalia,Rodentia,Cricetidae,2398,Terrestre,1944,,2017-12,http://www.snib.mx/snibgeoportal/Ejemplar.php?id=a624b2bf267ef2470d28193e0b422a83,a624b2bf267ef2470d28193e0b422a83,No,NoDisponible,,,,,,,
745,Peromyscus gratus,175030,-99.1727778,19.1355556,,False,4,16.67,Mammalia,Rodentia,Cricetidae,3003,Terrestre,9999,,2017-12,http://www.snib.mx/snibgeoportal/Ejemplar.php?id=a6d114733ffec9e9bc10eb0e26354470,a6d114733ffec9e9bc10eb0e26354470,No,NoDisponible,,,,,,,
321,Peromyscus gratus,146249,-102.7249242,20.81667,,False,3,5.23,Mammalia,Rodentia,Cricetidae,1846,Terrestre,1954,,2017-12,http://www.snib.mx/snibgeoportal/Ejemplar.php?id=a703a6708190b147a8f60b39ac182216,a703a6708190b147a8f60b39ac182216,No,NoDisponible,,,,,,,
427,Peromyscus gratus,184857,-98.1514677,18.9408333,,False,4,19.72,Mammalia,Rodentia,Cricetidae,2112,Terrestre,1952,,2017-12,http://www.snib.mx/snibgeoportal/Ejemplar.php?id=a7286331a95247ab3c311da67bc689ce,a7286331a95247ab3c311da67bc689ce,No,NoDisponible,,,,,,,
712,Peromyscus gratus,127862,-104.9011111,24.5113889,,False,4,21.33,Mammalia,Rodentia,Cricetidae,2285,Terrestre,9999,,2017-12,http://www.snib.mx/snibgeoportal/Ejemplar.php?id=a7b8cecd6379881d3e32b8664508f03e,a7b8cecd6379881d3e32b8664508f03e,No,NoDisponible,,,,,,,
575,Peromyscus gratus,151138,-102.0210103,21.4571136,,False,4,16.84,Mammalia,Rodentia,Cricetidae,2045,Terrestre,2000,,2017-12,http://www.snib.mx/snibgeoportal/Ejemplar.php?id=a898fcb6bd4564efc695975ceca6ee48,a898fcb6bd4564efc695975ceca6ee48,No,NoDisponible,,,,,,,
346,Peromyscus gratus,180066,-98.5578693,19.8127778,,False,5,28.94,Mammalia,Rodentia,Cricetidae,2514,Terrestre,1952,,2017-12,http://www.snib.mx/snibgeoportal/Ejemplar.php?id=a92fdd00d2bc4a483a4890bfb404d5e3,a92fdd00d2bc4a483a4890bfb404d5e3,No,NoDisponible,,,,,,,
240,Peromyscus gratus,175075,-99.0822222,19.1894444,,False,4,22.8,Mammalia,Rodentia,Cricetidae,2749,Terrestre,9999,,2017-12,http://www.snib.mx/snibgeoportal/Ejemplar.php?id=a95f5a768823b618f14f3c4adccde553,a95f5a768823b618f14f3c4adccde553,No,NoDisponible,,,,,,,
582,Peromyscus gratus,165467,-100.3895,20.5871667,,False,4,18.95,Mammalia,Rodentia,Cricetidae,1825,Terrestre,1952,,2017-12,http://www.snib.mx/snibgeoportal/Ejemplar.php?id=a9b5888d37e5db4b8b72374244ada804,a9b5888d37e5db4b8b72374244ada804,No,NoDisponible,,,,,,,
367,Peromyscus gratus,175077,-99.1495476,19.3341667,,False,4,17.79,Mammalia,Rodentia,Cricetidae,2252,Terrestre,1947,,2017-12,http://www.snib.mx/snibgeoportal/Ejemplar.php?id=aa16a8b563d130938eabe6076389ba5e,aa16a8b563d130938eabe6076389ba5e,No,NoDisponible,,,,,,,
633,Peromyscus gratus,175081,-98.9669444,19.2194444,,False,5,26.56,Mammalia,Rodentia,Cricetidae,2235,Terrestre,9999,,2017-12,http://www.snib.mx/snibgeoportal/Ejemplar.php?id=aa590e2c71b8d073abd4af849d03302d,aa590e2c71b8d073abd4af849d03302d,No,NoDisponible,,,,,,,
706,Peromyscus gratus,137139,-103.6741667,23.7438889,,False,4,16.98,Mammalia,Rodentia,Cricetidae,2295,Terrestre,9999,,2017-12,http://www.snib.mx/snibgeoportal/Ejemplar.php?id=aa7de50db352917acf8b1ef2009aebd2,aa7de50db352917acf8b1ef2009aebd2,No,NoDisponible,,,,,,,
201,Peromyscus gratus,175055,-99.2167722,19.3233333,,False,4,21.09,Mammalia,Rodentia,Cricetidae,2398,Terrestre,1944,,2017-12,http://www.snib.mx/snibgeoportal/Ejemplar.php?id=aaeb3b772cc832d7382f472cd4c82918,aaeb3b772cc832d7382f472cd4c82918,No,NoDisponible,,,,,,,
145,Peromyscus gratus,175055,-99.2145491,19.3233333,,False,4,21.09,Mammalia,Rodentia,Cricetidae,2371,Terrestre,1947,,2017-12,http://www.snib.mx/snibgeoportal/Ejemplar.php?id=ab087015abd5daf09ede67fa3e072d01,ab087015abd5daf09ede67fa3e072d01,No,NoDisponible,,,,,,,
9,Peromyscus gratus,175052,-99.2251053,19.3083333,,False,4,22.99,Mammalia,Rodentia,Cricetidae,2434,Terrestre,1955,,2017-12,http://www.snib.mx/snibgeoportal/Ejemplar.php?id=ab0db2236c29c1aef74cb341c2168ed2,ab0db2236c29c1aef74cb341c2168ed2,No,NoDisponible,,,,,,,
570,Peromyscus gratus,137101,-103.876889,23.634644,,False,4,19.65,Mammalia,Rodentia,Cricetidae,2098,Terrestre,1969,,2017-12,http://www.snib.mx/snibgeoportal/Ejemplar.php?id=ab4467fbb171f5e6214daaf20b090c47,ab4467fbb171f5e6214daaf20b090c47,No,NoDisponible,,,,,,,
295,Peromyscus gratus,199453,-96.4080872,16.9222222,,False,4,9.24,Mammalia,Rodentia,Cricetidae,1645,Terrestre,1955,,2017-12,http://www.snib.mx/snibgeoportal/Ejemplar.php?id=ab7929914ec5021f0bb2434534883b85,ab7929914ec5021f0bb2434534883b85,No,NoDisponible,,,,,,,
690,Peromyscus gratus,161207,-100.7633333,25.4452778,,False,4,21.22,Mammalia,Rodentia,Cricetidae,1954,Terrestre,9999,,2017-12,http://www.snib.mx/snibgeoportal/Ejemplar.php?id=abb759006af319894901f42e6246b140,abb759006af319894901f42e6246b140,No,NoDisponible,,,,,,,
139,Peromyscus gratus,175055,-99.2251054,19.3375,,False,4,21.09,Mammalia,Rodentia,Cricetidae,2438,Terrestre,1947,,2017-12,http://www.snib.mx/snibgeoportal/Ejemplar.php?id=abf1468db61d18f6ae85a2d74a81a791,abf1468db61d18f6ae85a2d74a81a791,No,NoDisponible,,,,,,,
741,Peromyscus gratus,170328,-99.94,20.7388889,,False,4,14.93,Mammalia,Rodentia,Cricetidae,2064,Terrestre,9999,,2017-12,http://www.snib.mx/snibgeoportal/Ejemplar.php?id=abff139c36695824d510d446387cb950,abff139c36695824d510d446387cb950,No,NoDisponible,,,,,,,
711,Peromyscus gratus,109910,-107.4977778,27.6027778,,False,4,12.79,Mammalia,Rodentia,Cricetidae,2294,Terrestre,9999,,2017-12,http://www.snib.mx/snibgeoportal/Ejemplar.php?id=ac3bc4a55d5e7d1c7b1ff2975528e981,ac3bc4a55d5e7d1c7b1ff2975528e981,No,NoDisponible,,,,,,,
347,Peromyscus gratus,180066,-98.5578693,19.8127778,,False,5,28.94,Mammalia,Rodentia,Cricetidae,2514,Terrestre,1952,,2017-12,http://www.snib.mx/snibgeoportal/Ejemplar.php?id=ac78a4d612b9a0af2fc51b312c05310b,ac78a4d612b9a0af2fc51b312c05310b,No,NoDisponible,,,,,,,
566,Peromyscus gratus,141906,-103.431143,24.357725,,False,4,8.64,Mammalia,Rodentia,Cricetidae,1899,Terrestre,1970,,2017-12,http://www.snib.mx/snibgeoportal/Ejemplar.php?id=ac78af65198100985e0d22cd3782990e,ac78af65198100985e0d22cd3782990e,Si,NoDisponible,No,Si,Si,,,,
89,Peromyscus gratus,170417,-99.7333333,21.1,,False,5,34.29,Mammalia,Rodentia,Cricetidae,1710,Terrestre,1982,,2017-12,http://www.snib.mx/snibgeoportal/Ejemplar.php?id=acc2b26bbc5b71131219b4e5e32e198d,acc2b26bbc5b71131219b4e5e32e198d,No,NoDisponible,,,,,,,
645,Peromyscus gratus,184752,-97.7736111,17.8069444,,False,3,4.91,Mammalia,Rodentia,Cricetidae,1581,Terrestre,9999,,2017-12,http://www.snib.mx/snibgeoportal/Ejemplar.php?id=acdb671d22e3e5f9f5d69a57cee80124,acdb671d22e3e5f9f5d69a57cee80124,No,NoDisponible,,,,,,,
254,Peromyscus gratus,146129,-102.8865738,19.99361,,False,4,12.21,Mammalia,Rodentia,Cricetidae,2118,Terrestre,1950,,2017-12,http://www.snib.mx/snibgeoportal/Ejemplar.php?id=ad0d6e6ba967d7d018b3762dabd73d76,ad0d6e6ba967d7d018b3762dabd73d76,Si,NoDisponible,No,Si,Si,,,,
629,Peromyscus gratus,199531,-96.0641667,17.0538889,,False,4,10.65,Mammalia,Rodentia,Cricetidae,2130,Terrestre,9999,,2017-12,http://www.snib.mx/snibgeoportal/Ejemplar.php?id=adaa7ad02eb073603ea93549c2a4a99f,adaa7ad02eb073603ea93549c2a4a99f,Si,NoDisponible,No,No,Si,,,,
788,Peromyscus gratus,170248,-99.9341667,19.9755556,,False,4,21.71,Mammalia,Rodentia,Cricetidae,2843,Terrestre,9999,,2017-12,http://www.snib.mx/snibgeoportal/Ejemplar.php?id=ade176977a69bf7059f89b47a48d11bd,ade176977a69bf7059f89b47a48d11bd,No,NoDisponible,,,,,,,
357,Peromyscus gratus,160551,-100.8167958,19.8686194,,False,4,21.81,Mammalia,Rodentia,Cricetidae,1943,Terrestre,1954,,2017-12,http://www.snib.mx/snibgeoportal/Ejemplar.php?id=ae952c47ee0ec0c0e7fc6ce843b1f91e,ae952c47ee0ec0c0e7fc6ce843b1f91e,No,NoDisponible,,,,,,,
334,Peromyscus gratus,146250,-102.7030971,20.9039788,,False,4,10.59,Mammalia,Rodentia,Cricetidae,1992,Terrestre,1949,,2017-12,http://www.snib.mx/snibgeoportal/Ejemplar.php?id=aeb9c9ccbe87454676b48a71e1b78cba,aeb9c9ccbe87454676b48a71e1b78cba,No,NoDisponible,,,,,,,
735,Peromyscus gratus,146482,-102.5752778,22.7716667,,False,4,19.18,Mammalia,Rodentia,Cricetidae,2448,Terrestre,9999,,2017-12,http://www.snib.mx/snibgeoportal/Ejemplar.php?id=aef0b3eeb3a81b7943e22198b5480236,aef0b3eeb3a81b7943e22198b5480236,No,NoDisponible,,,,,,,
90,Peromyscus gratus,170417,-99.7333333,21.1,,False,5,34.29,Mammalia,Rodentia,Cricetidae,1710,Terrestre,1983,,2017-12,http://www.snib.mx/snibgeoportal/Ejemplar.php?id=af535578628262ad025caca5d6f9be9e,af535578628262ad025caca5d6f9be9e,No,NoDisponible,,,,,,,
647,Peromyscus gratus,105486,-107.9280556,27.8625,,False,4,13.12,Mammalia,Rodentia,Cricetidae,2229,Terrestre,9999,,2017-12,http://www.snib.mx/snibgeoportal/Ejemplar.php?id=af93ad890d40484c8f6316e7b3792eba,af93ad890d40484c8f6316e7b3792eba,No,NoDisponible,,,,,,,
737,Peromyscus gratus,179976,-98.7677778,19.4152778,,False,4,25.38,Mammalia,Rodentia,Cricetidae,3301,Terrestre,9999,,2017-12,http://www.snib.mx/snibgeoportal/Ejemplar.php?id=afc487d8cb0aed0d7efef0579088981c,afc487d8cb0aed0d7efef0579088981c,Si,NoDisponible,No,Si,Si,,,,
202,Peromyscus gratus,175055,-99.2167722,19.3233333,,False,4,21.09,Mammalia,Rodentia,Cricetidae,2398,Terrestre,1944,,2017-12,http://www.snib.mx/snibgeoportal/Ejemplar.php?id=afc493e54dbecc345e49e35a7c5dbc3b,afc493e54dbecc345e49e35a7c5dbc3b,No,NoDisponible,,,,,,,
203,Peromyscus gratus,175055,-99.2167722,19.3233333,,False,4,21.09,Mammalia,Rodentia,Cricetidae,2398,Terrestre,1944,,2017-12,http://www.snib.mx/snibgeoportal/Ejemplar.php?id=b116fca6aaecd4cae4e7d8900ace6745,b116fca6aaecd4cae4e7d8900ace6745,No,NoDisponible,,,,,,,
204,Peromyscus gratus,175055,-99.2167722,19.3233333,,False,4,21.09,Mammalia,Rodentia,Cricetidae,2398,Terrestre,1944,,2017-12,http://www.snib.mx/snibgeoportal/Ejemplar.php?id=b1643f4f506128f07076862545033a74,b1643f4f506128f07076862545033a74,No,NoDisponible,,,,,,,
451,Peromyscus gratus,155673,-101.6094444,19.5158333,,False,4,22.19,Mammalia,Rodentia,Cricetidae,2150,Terrestre,9999,,2017-12,http://www.snib.mx/snibgeoportal/Ejemplar.php?id=b2738f59a1e5e5baf4b382896a9ffb88,b2738f59a1e5e5baf4b382896a9ffb88,No,NoDisponible,,,,,,,
705,Peromyscus gratus,114332,-106.6716667,26.955,,False,4,8.5,Mammalia,Rodentia,Cricetidae,2289,Terrestre,9999,,2017-12,http://www.snib.mx/snibgeoportal/Ejemplar.php?id=b2aead07640845fea2c0afec7249a064,b2aead07640845fea2c0afec7249a064,No,NoDisponible,,,,,,,
10,Peromyscus gratus,175052,-99.2251053,19.3083333,,False,4,22.99,Mammalia,Rodentia,Cricetidae,2434,Terrestre,1955,,2017-12,http://www.snib.mx/snibgeoportal/Ejemplar.php?id=b39f8133769a85f249383223e502fd59,b39f8133769a85f249383223e502fd59,No,NoDisponible,,,,,,,
495,Peromyscus gratus,137100,-103.798939,23.575243,,False,4,18.1,Mammalia,Rodentia,Cricetidae,2131,Terrestre,1969,,2017-12,http://www.snib.mx/snibgeoportal/Ejemplar.php?id=b3aec80e05d7be9bcae611996108215e,b3aec80e05d7be9bcae611996108215e,No,NoDisponible,,,,,,,
496,Peromyscus gratus,137100,-103.798939,23.575243,,False,4,18.1,Mammalia,Rodentia,Cricetidae,2131,Terrestre,1969,,2017-12,http://www.snib.mx/snibgeoportal/Ejemplar.php?id=b4b5180b16ac8ec999151ef3341be110,b4b5180b16ac8ec999151ef3341be110,No,NoDisponible,,,,,,,
554,Peromyscus gratus,109957,-107.494992,27.784533,,False,4,10.72,Mammalia,Rodentia,Cricetidae,2197,Terrestre,1968,,2017-12,http://www.snib.mx/snibgeoportal/Ejemplar.php?id=b548e945b6a23c2522985d529d123067,b548e945b6a23c2522985d529d123067,No,NoDisponible,,,,,,,
402,Peromyscus gratus,175077,-99.166667,19.3205556,,False,4,17.79,Mammalia,Rodentia,Cricetidae,2291,Terrestre,9999,,2017-12,http://www.snib.mx/snibgeoportal/Ejemplar.php?id=b5a3409de97e9a8034df878485c6bb8b,b5a3409de97e9a8034df878485c6bb8b,No,NoDisponible,,,,,,,
415,Peromyscus gratus,165489,-100.3012463,20.5875,,False,4,18.9,Mammalia,Rodentia,Cricetidae,2031,Terrestre,1952,,2017-12,http://www.snib.mx/snibgeoportal/Ejemplar.php?id=b5e5b64ad4201e8996205564acfe2a8e,b5e5b64ad4201e8996205564acfe2a8e,No,NoDisponible,,,,,,,
140,Peromyscus gratus,175055,-99.2251054,19.3375,,False,4,21.09,Mammalia,Rodentia,Cricetidae,2438,Terrestre,1947,,2017-12,http://www.snib.mx/snibgeoportal/Ejemplar.php?id=b6280bf3e022e4ef4bbce40e3989917a,b6280bf3e022e4ef4bbce40e3989917a,No,NoDisponible,,,,,,,
686,Peromyscus gratus,180128,-98.6472222,20.7366667,,False,3,-4.88,Mammalia,Rodentia,Cricetidae,1459,Terrestre,9999,,2017-12,http://www.snib.mx/snibgeoportal/Ejemplar.php?id=b6a0f1a8457585a21572df1ce34fc4ef,b6a0f1a8457585a21572df1ce34fc4ef,No,NoDisponible,,,,,,,
338,Peromyscus gratus,146236,-102.400835,20.65281,,False,4,9,Mammalia,Rodentia,Cricetidae,1958,Terrestre,1954,,2017-12,http://www.snib.mx/snibgeoportal/Ejemplar.php?id=b70dc23ea92456fd863fd23a7a6e2dd4,b70dc23ea92456fd863fd23a7a6e2dd4,No,NoDisponible,,,,,,,
31,Peromyscus gratus,175052,-99.225,19.3083333,,False,4,22.99,Mammalia,Rodentia,Cricetidae,2434,Terrestre,9999,,2017-12,http://www.snib.mx/snibgeoportal/Ejemplar.php?id=b717a191f24755a598eb9ab82f6e21ca,b717a191f24755a598eb9ab82f6e21ca,No,NoDisponible,,,,,,,
40,Peromyscus gratus,175052,-99.225,19.30833,,False,4,22.99,Mammalia,Rodentia,Cricetidae,2434,Terrestre,1892,,2017-12,http://www.snib.mx/snibgeoportal/Ejemplar.php?id=b73d7af5e983364f1677cc5588aaa4e5,b73d7af5e983364f1677cc5588aaa4e5,No,NoDisponible,,,,,,,
54,Peromyscus gratus,175167,-98.9513889,20.1613889,,False,4,17.15,Mammalia,Rodentia,Cricetidae,2159,Terrestre,1993,,2017-12,http://www.snib.mx/snibgeoportal/Ejemplar.php?id=b79be2a18268b1eab1e9f3b6ee770f15,b79be2a18268b1eab1e9f3b6ee770f15,No,NoDisponible,,,,,,,
609,Peromyscus gratus,137326,-103.6055556,25.2686111,,True,2,-25.67,Mammalia,Rodentia,Cricetidae,1377,Terrestre,9999,,2017-12,http://www.snib.mx/snibgeoportal/Ejemplar.php?id=b7a1c11e294e1eb79a1f972ef983f2a8,b7a1c11e294e1eb79a1f972ef983f2a8,Si,NoDisponible,No,No,Si,,,,
275,Peromyscus gratus,175074,-99.1412142,19.2830556,,False,4,21.87,Mammalia,Rodentia,Cricetidae,2244,Terrestre,1947,,2017-12,http://www.snib.mx/snibgeoportal/Ejemplar.php?id=b7c89f7e17b7908781b602c2d45606fc,b7c89f7e17b7908781b602c2d45606fc,No,NoDisponible,,,,,,,
754,Peromyscus gratus,101292,-108.1411111,29.1916667,,False,4,10.05,Mammalia,Rodentia,Cricetidae,2104,Terrestre,9999,SI,2017-12,http://www.snib.mx/snibgeoportal/Ejemplar.php?id=b7dbe5c72b2304de8d252048c0264b4c,b7dbe5c72b2304de8d252048c0264b4c,No,NoDisponible,,,,,,,
462,Peromyscus gratus,160517,-101.1398726,19.9104041,,False,4,13.35,Mammalia,Rodentia,Cricetidae,1929,Terrestre,1947,,2017-12,http://www.snib.mx/snibgeoportal/Ejemplar.php?id=b899966252ed962f752e321579b7254c,b899966252ed962f752e321579b7254c,No,NoDisponible,,,,,,,
555,Peromyscus gratus,109957,-107.494992,27.784533,,False,4,10.72,Mammalia,Rodentia,Cricetidae,2197,Terrestre,1968,,2017-12,http://www.snib.mx/snibgeoportal/Ejemplar.php?id=b97d5a5acd07f70e097a738b8fa4e801,b97d5a5acd07f70e097a738b8fa4e801,No,NoDisponible,,,,,,,
226,Peromyscus gratus,165476,-100.2269444,20.3336111,,False,4,19.74,Mammalia,Rodentia,Cricetidae,2399,Terrestre,1984,,2017-12,http://www.snib.mx/snibgeoportal/Ejemplar.php?id=b98d3eb6c4be119a90fb0af2acdc86be,b98d3eb6c4be119a90fb0af2acdc86be,No,NoDisponible,,,,,,,
403,Peromyscus gratus,175077,-99.166667,19.3205556,,False,4,17.79,Mammalia,Rodentia,Cricetidae,2291,Terrestre,9999,,2017-12,http://www.snib.mx/snibgeoportal/Ejemplar.php?id=b9b90502b3e95fb5854253786188f766,b9b90502b3e95fb5854253786188f766,No,NoDisponible,,,,,,,
692,Peromyscus gratus,137127,-103.6397222,23.6347222,,False,4,23.69,Mammalia,Rodentia,Cricetidae,2323,Terrestre,9999,,2017-12,http://www.snib.mx/snibgeoportal/Ejemplar.php?id=ba76bf9955fcd82fd0c28aad8ba10dea,ba76bf9955fcd82fd0c28aad8ba10dea,No,NoDisponible,,,,,,,
304,Peromyscus gratus,160508,-100.6558599,19.5593,,False,4,13.05,Mammalia,Rodentia,Cricetidae,2725,Terrestre,1954,,2017-12,http://www.snib.mx/snibgeoportal/Ejemplar.php?id=bad3c03c8fbf5994d6e69d78b2b047dc,bad3c03c8fbf5994d6e69d78b2b047dc,No,NoDisponible,,,,,,,
732,Peromyscus gratus,127831,-105.0677778,24.4113889,,False,4,22.8,Mammalia,Rodentia,Cricetidae,2695,Terrestre,9999,,2017-12,http://www.snib.mx/snibgeoportal/Ejemplar.php?id=bafdae8aeb8925adb872db045f891902,bafdae8aeb8925adb872db045f891902,No,NoDisponible,,,,,,,
416,Peromyscus gratus,165489,-100.3012463,20.5875,,False,4,18.9,Mammalia,Rodentia,Cricetidae,2031,Terrestre,1952,,2017-12,http://www.snib.mx/snibgeoportal/Ejemplar.php?id=bb99e16d88d94d98753b98fa98408950,bb99e16d88d94d98753b98fa98408950,No,NoDisponible,,,,,,,
335,Peromyscus gratus,146250,-102.7030971,20.9039788,,False,4,10.59,Mammalia,Rodentia,Cricetidae,1992,Terrestre,1949,,2017-12,http://www.snib.mx/snibgeoportal/Ejemplar.php?id=bcaf0de9902a036bda68c285f16d3c6c,bcaf0de9902a036bda68c285f16d3c6c,No,NoDisponible,,,,,,,
571,Peromyscus gratus,123130,-105.3347182,23.8194807,,False,4,13.52,Mammalia,Rodentia,Cricetidae,2512,Terrestre,1997,,2017-12,http://www.snib.mx/snibgeoportal/Ejemplar.php?id=bdb68cd5f5176e5141de2f5a2b3940e9,bdb68cd5f5176e5141de2f5a2b3940e9,No,NoDisponible,,,,,,,
205,Peromyscus gratus,175055,-99.2167722,19.3233333,,False,4,21.09,Mammalia,Rodentia,Cricetidae,2398,Terrestre,1944,,2017-12,http://www.snib.mx/snibgeoportal/Ejemplar.php?id=bdb91e18d53d1971c6d4c7d13413473f,bdb91e18d53d1971c6d4c7d13413473f,No,NoDisponible,,,,,,,
583,Peromyscus gratus,165467,-100.3895,20.5871667,,False,4,18.95,Mammalia,Rodentia,Cricetidae,1825,Terrestre,1952,,2017-12,http://www.snib.mx/snibgeoportal/Ejemplar.php?id=bdf8d8206eef2265bca98955256f0072,bdf8d8206eef2265bca98955256f0072,No,NoDisponible,,,,,,,
379,Peromyscus gratus,175077,-99.166667,19.3205556,,False,4,17.79,Mammalia,Rodentia,Cricetidae,2291,Terrestre,1947,,2017-12,http://www.snib.mx/snibgeoportal/Ejemplar.php?id=be236df312cb106275a3340bdbf215fd,be236df312cb106275a3340bdbf215fd,No,NoDisponible,,,,,,,
339,Peromyscus gratus,146236,-102.400835,20.65281,,False,4,9,Mammalia,Rodentia,Cricetidae,1958,Terrestre,1954,,2017-12,http://www.snib.mx/snibgeoportal/Ejemplar.php?id=be2badd13250c1842927e5ae19c90344,be2badd13250c1842927e5ae19c90344,No,NoDisponible,,,,,,,
404,Peromyscus gratus,175077,-99.166667,19.3205556,,False,4,17.79,Mammalia,Rodentia,Cricetidae,2291,Terrestre,9999,,2017-12,http://www.snib.mx/snibgeoportal/Ejemplar.php?id=be6dfba87c1efbea9f2786364169122f,be6dfba87c1efbea9f2786364169122f,No,NoDisponible,,,,,,,
651,Peromyscus gratus,118697,-105.9161111,25.0691667,,False,4,12.99,Mammalia,Rodentia,Cricetidae,2532,Terrestre,9999,,2017-12,http://www.snib.mx/snibgeoportal/Ejemplar.php?id=beb016cba25a433c2cb49d551d91ecb0,beb016cba25a433c2cb49d551d91ecb0,No,NoDisponible,,,,,,,
206,Peromyscus gratus,175055,-99.2167722,19.3233333,,False,4,21.09,Mammalia,Rodentia,Cricetidae,2398,Terrestre,1944,,2017-12,http://www.snib.mx/snibgeoportal/Ejemplar.php?id=bebc9abef79a6aedd53626856efac912,bebc9abef79a6aedd53626856efac912,No,NoDisponible,,,,,,,
262,Peromyscus gratus,155858,-101.758122,21.18176,,False,4,12.31,Mammalia,Rodentia,Cricetidae,2043,Terrestre,1952,,2017-12,http://www.snib.mx/snibgeoportal/Ejemplar.php?id=bf5f5aba13832a1526b9ee3d9099b8ad,bf5f5aba13832a1526b9ee3d9099b8ad,No,NoDisponible,,,,,,,
305,Peromyscus gratus,160508,-100.6558599,19.5593,,False,4,13.05,Mammalia,Rodentia,Cricetidae,2725,Terrestre,1954,,2017-12,http://www.snib.mx/snibgeoportal/Ejemplar.php?id=c0856f6c6f34349d289ab3763e6e2e7c,c0856f6c6f34349d289ab3763e6e2e7c,No,NoDisponible,,,,,,,
368,Peromyscus gratus,175077,-99.1495476,19.3341667,,False,4,17.79,Mammalia,Rodentia,Cricetidae,2252,Terrestre,1947,,2017-12,http://www.snib.mx/snibgeoportal/Ejemplar.php?id=c177bdfcbc091746084b2d21a0553d3e,c177bdfcbc091746084b2d21a0553d3e,No,NoDisponible,,,,,,,
417,Peromyscus gratus,165489,-100.3012463,20.5875,,False,4,18.9,Mammalia,Rodentia,Cricetidae,2031,Terrestre,1952,,2017-12,http://www.snib.mx/snibgeoportal/Ejemplar.php?id=c2e7b968f882e8b144965aafd6ad4a53,c2e7b968f882e8b144965aafd6ad4a53,No,NoDisponible,,,,,,,
228,Peromyscus gratus,175082,-98.996833,19.303528,,False,4,19.89,Mammalia,Rodentia,Cricetidae,2286,Terrestre,2009,,2017-12,http://www.snib.mx/snibgeoportal/Ejemplar.php?id=c332edac7a64ae68248b712e5eb4ca08,c332edac7a64ae68248b712e5eb4ca08,No,NoDisponible,,,,,,,
207,Peromyscus gratus,175055,-99.2167722,19.3233333,,False,4,21.09,Mammalia,Rodentia,Cricetidae,2398,Terrestre,1944,,2017-12,http://www.snib.mx/snibgeoportal/Ejemplar.php?id=c33638309502ab830fe4ef28f727059e,c33638309502ab830fe4ef28f727059e,No,NoDisponible,,,,,,,
125,Peromyscus gratus,170376,-99.9247222,21.0361111,,False,4,7.15,Mammalia,Rodentia,Cricetidae,1707,Terrestre,1997,,2017-12,http://www.snib.mx/snibgeoportal/Ejemplar.php?id=c33f2caafbd6a82d0d4b7baa9d363c81,c33f2caafbd6a82d0d4b7baa9d363c81,No,NoDisponible,,,,,,,
776,Peromyscus gratus,123299,-105.4202778,25.045,,False,4,12.3,Mammalia,Rodentia,Cricetidae,1749,Terrestre,9999,,2017-12,http://www.snib.mx/snibgeoportal/Ejemplar.php?id=c36dffeb7a677724b24db0ff9968ca10,c36dffeb7a677724b24db0ff9968ca10,No,NoDisponible,,,,,,,
585,Peromyscus gratus,165467,-100.39305,20.58807,,False,4,18.95,Mammalia,Rodentia,Cricetidae,1825,Terrestre,1952,,2017-12,http://www.snib.mx/snibgeoportal/Ejemplar.php?id=c47b42a9602318498cc3f7d302400447,c47b42a9602318498cc3f7d302400447,No,NoDisponible,,,,,,,
418,Peromyscus gratus,165489,-100.3012463,20.5875,,False,4,18.9,Mammalia,Rodentia,Cricetidae,2031,Terrestre,1952,,2017-12,http://www.snib.mx/snibgeoportal/Ejemplar.php?id=c48a0db2f405bf6aa27269eee288b8e1,c48a0db2f405bf6aa27269eee288b8e1,No,NoDisponible,,,,,,,
436,Peromyscus gratus,165386,-100.4504461,19.83939,,False,4,13.88,Mammalia,Rodentia,Cricetidae,2065,Terrestre,1954,,2017-12,http://www.snib.mx/snibgeoportal/Ejemplar.php?id=c4964440254372008143ffecdf458269,c4964440254372008143ffecdf458269,No,NoDisponible,,,,,,,
519,Peromyscus gratus,127800,-104.782069,23.986394,,False,4,19.12,Mammalia,Rodentia,Cricetidae,2221,Terrestre,9999,,2017-12,http://www.snib.mx/snibgeoportal/Ejemplar.php?id=c533b1d2e5a38856aa4fdbd8571af286,c533b1d2e5a38856aa4fdbd8571af286,No,NoDisponible,,,,,,,
348,Peromyscus gratus,180066,-98.5578693,19.8127778,,False,5,28.94,Mammalia,Rodentia,Cricetidae,2514,Terrestre,1952,,2017-12,http://www.snib.mx/snibgeoportal/Ejemplar.php?id=c545568ce6b809a7f56f47c13f44cc0f,c545568ce6b809a7f56f47c13f44cc0f,No,NoDisponible,,,,,,,
695,Peromyscus gratus,137127,-103.6397222,23.6347222,,False,4,23.69,Mammalia,Rodentia,Cricetidae,2323,Terrestre,9999,,2017-12,http://www.snib.mx/snibgeoportal/Ejemplar.php?id=c5966c811059e7d52891394f20a22469,c5966c811059e7d52891394f20a22469,No,NoDisponible,,,,,,,
428,Peromyscus gratus,184857,-98.1514677,18.9408333,,False,4,19.72,Mammalia,Rodentia,Cricetidae,2112,Terrestre,1952,,2017-12,http://www.snib.mx/snibgeoportal/Ejemplar.php?id=c620f9839988ced4958abd4ce80a4974,c620f9839988ced4958abd4ce80a4974,No,NoDisponible,,,,,,,
251,Peromyscus gratus,175205,-99.1406632,20.4111111,,False,3,5.65,Mammalia,Rodentia,Cricetidae,1951,Terrestre,1946,,2017-12,http://www.snib.mx/snibgeoportal/Ejemplar.php?id=c62c1cd8de24c51c92c5191501d7a16c,c62c1cd8de24c51c92c5191501d7a16c,No,NoDisponible,,,,,,,
649,Peromyscus gratus,146161,-102.5663889,20.0016667,,False,3,3.58,Mammalia,Rodentia,Cricetidae,1732,Terrestre,9999,,2017-12,http://www.snib.mx/snibgeoportal/Ejemplar.php?id=c6319e28513a2415756a9471728dd00d,c6319e28513a2415756a9471728dd00d,No,NoDisponible,,,,,,,
722,Peromyscus gratus,141834,-103.3319444,23.5805556,,False,4,12.49,Mammalia,Rodentia,Cricetidae,2123,Terrestre,9999,,2017-12,http://www.snib.mx/snibgeoportal/Ejemplar.php?id=c6718e7ec0179b70b68f17ec6d7999f1,c6718e7ec0179b70b68f17ec6d7999f1,No,NoDisponible,,,,,,,
133,Peromyscus gratus,175055,-99.1891667,19.3380556,,False,4,21.09,Mammalia,Rodentia,Cricetidae,2276,Terrestre,9999,SI,2017-12,http://www.snib.mx/snibgeoportal/Ejemplar.php?id=c72bffbbeabe822150c37311ab42cb40,c72bffbbeabe822150c37311ab42cb40,No,NoDisponible,,,,,,,
91,Peromyscus gratus,170417,-99.7333333,21.1,,False,5,34.29,Mammalia,Rodentia,Cricetidae,1710,Terrestre,1982,,2017-12,http://www.snib.mx/snibgeoportal/Ejemplar.php?id=c7a1150bcd80cb1afb8b37930f4c2cf3,c7a1150bcd80cb1afb8b37930f4c2cf3,No,NoDisponible,,,,,,,
419,Peromyscus gratus,165489,-100.3012463,20.5875,,False,4,18.9,Mammalia,Rodentia,Cricetidae,2031,Terrestre,1952,,2017-12,http://www.snib.mx/snibgeoportal/Ejemplar.php?id=c84e10a3303e0337e0b2898bc02d4a65,c84e10a3303e0337e0b2898bc02d4a65,No,NoDisponible,,,,,,,
224,Peromyscus gratus,175055,-99.193,19.318,,False,4,21.09,Mammalia,Rodentia,Cricetidae,2320,Terrestre,2007,SI,2017-12,http://www.snib.mx/snibgeoportal/Ejemplar.php?id=c8702bb0e4e90a5b2ce8155a3d8d7e05,c8702bb0e4e90a5b2ce8155a3d8d7e05,No,NoDisponible,,,,,,,
556,Peromyscus gratus,109957,-107.494992,27.784533,,False,4,10.72,Mammalia,Rodentia,Cricetidae,2197,Terrestre,1968,,2017-12,http://www.snib.mx/snibgeoportal/Ejemplar.php?id=c8bce687deb84a90dd1948461ae3cddf,c8bce687deb84a90dd1948461ae3cddf,No,NoDisponible,,,,,,,
497,Peromyscus gratus,137100,-103.798939,23.575243,,False,4,18.1,Mammalia,Rodentia,Cricetidae,2131,Terrestre,1969,,2017-12,http://www.snib.mx/snibgeoportal/Ejemplar.php?id=c8dfb6b8807963e231cbc71b94e92139,c8dfb6b8807963e231cbc71b94e92139,No,NoDisponible,,,,,,,
746,Peromyscus gratus,175030,-99.1727778,19.1355556,,False,4,16.67,Mammalia,Rodentia,Cricetidae,3003,Terrestre,9999,,2017-12,http://www.snib.mx/snibgeoportal/Ejemplar.php?id=c8ed36521f856070b5d061d4bc03f88f,c8ed36521f856070b5d061d4bc03f88f,No,NoDisponible,,,,,,,
596,Peromyscus gratus,175056,-99.225,19.4083333,,False,4,19.49,Mammalia,Rodentia,Cricetidae,2397,Terrestre,9999,,2017-12,http://www.snib.mx/snibgeoportal/Ejemplar.php?id=c94ecc990316b34cf91fc84cb7a73f5f,c94ecc990316b34cf91fc84cb7a73f5f,No,NoDisponible,,,,,,,
702,Peromyscus gratus,155997,-101.5738889,22.2966667,,False,4,15.39,Mammalia,Rodentia,Cricetidae,2459,Terrestre,9999,,2017-12,http://www.snib.mx/snibgeoportal/Ejemplar.php?id=c9802bda55fb53802243d764c29e23a2,c9802bda55fb53802243d764c29e23a2,No,NoDisponible,,,,,,,
761,Peromyscus gratus,137328,-103.5222222,25.2686111,,True,2,-26.14,Mammalia,Rodentia,Cricetidae,1371,Terrestre,9999,,2017-12,http://www.snib.mx/snibgeoportal/Ejemplar.php?id=ca0280e0eeb427b9d063ce92adfb4e38,ca0280e0eeb427b9d063ce92adfb4e38,Si,NoDisponible,No,No,Si,,,,
122,Peromyscus gratus,170312,-99.8958333,20.5205556,,False,4,14.73,Mammalia,Rodentia,Cricetidae,1902,Terrestre,9999,,2017-12,http://www.snib.mx/snibgeoportal/Ejemplar.php?id=ca19de81d9d08d939dc60dad674066db,ca19de81d9d08d939dc60dad674066db,No,NoDisponible,,,,,,,
326,Peromyscus gratus,146200,-102.7818835,20.7960911,,False,3,4.37,Mammalia,Rodentia,Cricetidae,1749,Terrestre,1954,,2017-12,http://www.snib.mx/snibgeoportal/Ejemplar.php?id=ca8124672cbbb5b3c27fbf15fb05336f,ca8124672cbbb5b3c27fbf15fb05336f,No,NoDisponible,,,,,,,
383,Peromyscus gratus,175077,-99.1617709,19.3352778,,False,4,17.79,Mammalia,Rodentia,Cricetidae,2253,Terrestre,1947,,2017-12,http://www.snib.mx/snibgeoportal/Ejemplar.php?id=cadc813ea90f2d56e82a9e6fe00c564e,cadc813ea90f2d56e82a9e6fe00c564e,No,NoDisponible,,,,,,,
479,Peromyscus gratus,137056,-103.797461,23.458764,,False,5,26.04,Mammalia,Rodentia,Cricetidae,2466,Terrestre,1970,,2017-12,http://www.snib.mx/snibgeoportal/Ejemplar.php?id=cbd39efe56ec4ca2304f68db7de67ed4,cbd39efe56ec4ca2304f68db7de67ed4,No,NoDisponible,,,,,,,
208,Peromyscus gratus,175055,-99.2167722,19.3233333,,False,4,21.09,Mammalia,Rodentia,Cricetidae,2398,Terrestre,1944,,2017-12,http://www.snib.mx/snibgeoportal/Ejemplar.php?id=cbd3d1a822a8c17bd31a04d055c811ef,cbd3d1a822a8c17bd31a04d055c811ef,No,NoDisponible,,,,,,,
613,Peromyscus gratus,165526,-100.5925,21.2852778,,False,4,11.98,Mammalia,Rodentia,Cricetidae,1979,Terrestre,9999,,2017-12,http://www.snib.mx/snibgeoportal/Ejemplar.php?id=cc6f7967c859963b46359d71e1a0cc48,cc6f7967c859963b46359d71e1a0cc48,No,NoDisponible,,,,,,,
209,Peromyscus gratus,175055,-99.2167722,19.3233333,,False,4,21.09,Mammalia,Rodentia,Cricetidae,2398,Terrestre,1944,,2017-12,http://www.snib.mx/snibgeoportal/Ejemplar.php?id=cc81580bb2643dc09c4444684eed4d85,cc81580bb2643dc09c4444684eed4d85,No,NoDisponible,,,,,,,
528,Peromyscus gratus,137103,-103.784894,23.634756,,False,5,29.31,Mammalia,Rodentia,Cricetidae,2464,Terrestre,1969,,2017-12,http://www.snib.mx/snibgeoportal/Ejemplar.php?id=cca11ce3ecaf935999f2271d41a921d3,cca11ce3ecaf935999f2271d41a921d3,No,NoDisponible,,,,,,,
340,Peromyscus gratus,146236,-102.400835,20.65281,,False,4,9,Mammalia,Rodentia,Cricetidae,1958,Terrestre,1954,,2017-12,http://www.snib.mx/snibgeoportal/Ejemplar.php?id=ccbbc2c94dc7073e631e01bad496c821,ccbbc2c94dc7073e631e01bad496c821,No,NoDisponible,,,,,,,
731,Peromyscus gratus,151221,-102.0041667,22.2733333,,False,4,10.55,Mammalia,Rodentia,Cricetidae,2025,Terrestre,9999,,2017-12,http://www.snib.mx/snibgeoportal/Ejemplar.php?id=cd4c405cd71f6b645336eef8236dbfcf,cd4c405cd71f6b645336eef8236dbfcf,No,NoDisponible,,,,,,,
616,Peromyscus gratus,179985,-98.8336111,19.5116667,,False,4,22.85,Mammalia,Rodentia,Cricetidae,2335,Terrestre,9999,,2017-12,http://www.snib.mx/snibgeoportal/Ejemplar.php?id=cdb9d32cd70ddded65bff14636ff7ab1,cdb9d32cd70ddded65bff14636ff7ab1,No,NoDisponible,,,,,,,
793,Peromyscus gratus,101031,-108.2780556,27.2738889,,True,2,-20.41,Mammalia,Rodentia,Cricetidae,1415,Terrestre,9999,,2017-12,http://www.snib.mx/snibgeoportal/Ejemplar.php?id=cdd992bd1ea3e044a0d8b38eb5dabca9,cdd992bd1ea3e044a0d8b38eb5dabca9,No,NoDisponible,,,,,,,
267,Peromyscus gratus,175073,-99.1187135,19.2338889,,False,4,22.57,Mammalia,Rodentia,Cricetidae,2352,Terrestre,1947,,2017-12,http://www.snib.mx/snibgeoportal/Ejemplar.php?id=cdf14acd537a046bea1849dd057a0886,cdf14acd537a046bea1849dd057a0886,No,NoDisponible,,,,,,,
738,Peromyscus gratus,146170,-102.4508333,20.1177778,,False,3,5.69,Mammalia,Rodentia,Cricetidae,1588,Terrestre,9999,,2017-12,http://www.snib.mx/snibgeoportal/Ejemplar.php?id=ce638705db71f7b4fffba1133e967172,ce638705db71f7b4fffba1133e967172,No,NoDisponible,,,,,,,
317,Peromyscus gratus,175089,-99.1301037,19.5041667,,False,4,20.47,Mammalia,Rodentia,Cricetidae,2248,Terrestre,1946,,2017-12,http://www.snib.mx/snibgeoportal/Ejemplar.php?id=ce908bdc749b656113bc7777fb7bfdd3,ce908bdc749b656113bc7777fb7bfdd3,No,NoDisponible,,,,,,,
306,Peromyscus gratus,160508,-100.6558599,19.5593,,False,4,13.05,Mammalia,Rodentia,Cricetidae,2725,Terrestre,1954,,2017-12,http://www.snib.mx/snibgeoportal/Ejemplar.php?id=cea06e86dfa231823d3d6d5bfa97ca93,cea06e86dfa231823d3d6d5bfa97ca93,No,NoDisponible,,,,,,,
724,Peromyscus gratus,155665,-101.6927778,19.5158333,,False,4,17.22,Mammalia,Rodentia,Cricetidae,2062,Terrestre,9999,,2017-12,http://www.snib.mx/snibgeoportal/Ejemplar.php?id=cea1105c63c46eec4a0bba76de1f0c3d,cea1105c63c46eec4a0bba76de1f0c3d,No,NoDisponible,,,,,,,
97,Peromyscus gratus,170417,-99.6980667,21.0947997,,False,5,34.29,Mammalia,Rodentia,Cricetidae,2183,Terrestre,1982,,2017-12,http://www.snib.mx/snibgeoportal/Ejemplar.php?id=ceb822c6fef2caaa509289eff805f396,ceb822c6fef2caaa509289eff805f396,No,NoDisponible,,,,,,,
667,Peromyscus gratus,170220,-99.4722222,19.2480556,,False,4,14.38,Mammalia,Rodentia,Cricetidae,2585,Terrestre,9999,,2017-12,http://www.snib.mx/snibgeoportal/Ejemplar.php?id=cf49f82b2990e5e9a9acf5430ad25039,cf49f82b2990e5e9a9acf5430ad25039,No,NoDisponible,,,,,,,
243,Peromyscus gratus,175075,-99.0358333,19.1991667,,False,4,22.8,Mammalia,Rodentia,Cricetidae,2423,Terrestre,9999,,2017-12,http://www.snib.mx/snibgeoportal/Ejemplar.php?id=cf75b33f4e6e2e8569ddd89a303cc48e,cf75b33f4e6e2e8569ddd89a303cc48e,No,NoDisponible,,,,,,,
358,Peromyscus gratus,160551,-100.8167958,19.8686194,,False,4,21.81,Mammalia,Rodentia,Cricetidae,1943,Terrestre,1954,,2017-12,http://www.snib.mx/snibgeoportal/Ejemplar.php?id=cfa63ff31598f65e203ae119576a8612,cfa63ff31598f65e203ae119576a8612,No,NoDisponible,,,,,,,
557,Peromyscus gratus,109957,-107.494992,27.784533,,False,4,10.72,Mammalia,Rodentia,Cricetidae,2197,Terrestre,1968,,2017-12,http://www.snib.mx/snibgeoportal/Ejemplar.php?id=d03fea661bbc9e091893cdfb5e1bbdb5,d03fea661bbc9e091893cdfb5e1bbdb5,No,NoDisponible,,,,,,,
615,Peromyscus gratus,110105,-107.3305556,28.935,,False,4,7.65,Mammalia,Rodentia,Cricetidae,1957,Terrestre,9999,,2017-12,http://www.snib.mx/snibgeoportal/Ejemplar.php?id=d06b0ea6f9f2fd0829e8bd978c4e47e5,d06b0ea6f9f2fd0829e8bd978c4e47e5,No,NoDisponible,,,,,,,
498,Peromyscus gratus,137100,-103.798939,23.575243,,False,4,18.1,Mammalia,Rodentia,Cricetidae,2131,Terrestre,1969,,2017-12,http://www.snib.mx/snibgeoportal/Ejemplar.php?id=d077160ed3e3be43214661c8584dba52,d077160ed3e3be43214661c8584dba52,No,NoDisponible,,,,,,,
327,Peromyscus gratus,146200,-102.7676841,20.7866,,False,3,4.37,Mammalia,Rodentia,Cricetidae,1764,Terrestre,1949,,2017-12,http://www.snib.mx/snibgeoportal/Ejemplar.php?id=d0c1f154d363d27666437e5708999266,d0c1f154d363d27666437e5708999266,No,NoDisponible,,,,,,,
369,Peromyscus gratus,175077,-99.1495476,19.3341667,,False,4,17.79,Mammalia,Rodentia,Cricetidae,2252,Terrestre,1947,,2017-12,http://www.snib.mx/snibgeoportal/Ejemplar.php?id=d0dc52bf463e8e618afb38d33b3ad6a3,d0dc52bf463e8e618afb38d33b3ad6a3,No,NoDisponible,,,,,,,
558,Peromyscus gratus,109957,-107.494992,27.784533,,False,4,10.72,Mammalia,Rodentia,Cricetidae,2197,Terrestre,1968,,2017-12,http://www.snib.mx/snibgeoportal/Ejemplar.php?id=d140b733ff42c2a9bd6415b38ec8091a,d140b733ff42c2a9bd6415b38ec8091a,No,NoDisponible,,,,,,,
237,Peromyscus gratus,175075,-99.0914909,19.2444444,,False,4,22.8,Mammalia,Rodentia,Cricetidae,2251,Terrestre,1947,,2017-12,http://www.snib.mx/snibgeoportal/Ejemplar.php?id=d1ccd27ec592c817b0441402442ae5a9,d1ccd27ec592c817b0441402442ae5a9,No,NoDisponible,,,,,,,
720,Peromyscus gratus,105433,-107.8986111,27.3605556,,False,3,-3.71,Mammalia,Rodentia,Cricetidae,2258,Terrestre,9999,,2017-12,http://www.snib.mx/snibgeoportal/Ejemplar.php?id=d1e68b959b0dde652451b45f17b83845,d1e68b959b0dde652451b45f17b83845,No,NoDisponible,,,,,,,
384,Peromyscus gratus,175077,-99.1617709,19.3352778,,False,4,17.79,Mammalia,Rodentia,Cricetidae,2253,Terrestre,1947,,2017-12,http://www.snib.mx/snibgeoportal/Ejemplar.php?id=d2826498cd7479855624cc19d226a31c,d2826498cd7479855624cc19d226a31c,No,NoDisponible,,,,,,,
768,Peromyscus gratus,170254,-99.8430556,19.9538889,,False,4,20.75,Mammalia,Rodentia,Cricetidae,2551,Terrestre,9999,,2017-12,http://www.snib.mx/snibgeoportal/Ejemplar.php?id=d34a5616b1626dda72f5e237cd74ef87,d34a5616b1626dda72f5e237cd74ef87,No,NoDisponible,,,,,,,
520,Peromyscus gratus,127800,-104.782069,23.986394,,False,4,19.12,Mammalia,Rodentia,Cricetidae,2221,Terrestre,9999,,2017-12,http://www.snib.mx/snibgeoportal/Ejemplar.php?id=d38fd5c2c574b12f5f182598e75f3395,d38fd5c2c574b12f5f182598e75f3395,No,NoDisponible,,,,,,,
759,Peromyscus gratus,151139,-101.9333333,21.3558333,,False,4,11.78,Mammalia,Rodentia,Cricetidae,1887,Terrestre,9999,,2017-12,http://www.snib.mx/snibgeoportal/Ejemplar.php?id=d3b2fa08d830cb170cb8f381e181332d,d3b2fa08d830cb170cb8f381e181332d,No,NoDisponible,,,,,,,
210,Peromyscus gratus,175055,-99.2167722,19.3233333,,False,4,21.09,Mammalia,Rodentia,Cricetidae,2398,Terrestre,1944,,2017-12,http://www.snib.mx/snibgeoportal/Ejemplar.php?id=d3d6b44162b4837aa6528584b2b577e5,d3d6b44162b4837aa6528584b2b577e5,No,NoDisponible,,,,,,,
349,Peromyscus gratus,180066,-98.5578693,19.8127778,,False,5,28.94,Mammalia,Rodentia,Cricetidae,2514,Terrestre,1952,,2017-12,http://www.snib.mx/snibgeoportal/Ejemplar.php?id=d40a5a8b6e821f3d3ef2abd7f937b70e,d40a5a8b6e821f3d3ef2abd7f937b70e,No,NoDisponible,,,,,,,
422,Peromyscus gratus,160569,-100.7218132,20.03139,,False,4,13.2,Mammalia,Rodentia,Cricetidae,1864,Terrestre,1954,,2017-12,http://www.snib.mx/snibgeoportal/Ejemplar.php?id=d479164cd5d852363270a6ff678c3db7,d479164cd5d852363270a6ff678c3db7,No,NoDisponible,,,,,,,
148,Peromyscus gratus,175055,-99.2064939,19.3283333,,False,4,21.09,Mammalia,Rodentia,Cricetidae,2355,Terrestre,1947,,2017-12,http://www.snib.mx/snibgeoportal/Ejemplar.php?id=d47de7eb0be8f8d155dc65b0776da185,d47de7eb0be8f8d155dc65b0776da185,No,NoDisponible,,,,,,,
728,Peromyscus gratus,175141,-99.1477778,19.9091667,,False,4,20.81,Mammalia,Rodentia,Cricetidae,2211,Terrestre,9999,,2017-12,http://www.snib.mx/snibgeoportal/Ejemplar.php?id=d4f0a885825ad46bf8fd4acb97891f3e,d4f0a885825ad46bf8fd4acb97891f3e,No,NoDisponible,,,,,,,
41,Peromyscus gratus,175052,-99.225,19.30833,,False,4,22.99,Mammalia,Rodentia,Cricetidae,2434,Terrestre,1892,,2017-12,http://www.snib.mx/snibgeoportal/Ejemplar.php?id=d5944fc6da6ed1eda635c705aace4b90,d5944fc6da6ed1eda635c705aace4b90,No,NoDisponible,,,,,,,
696,Peromyscus gratus,137127,-103.6397222,23.6347222,,False,4,23.69,Mammalia,Rodentia,Cricetidae,2323,Terrestre,9999,,2017-12,http://www.snib.mx/snibgeoportal/Ejemplar.php?id=d5b4e371ff70ff768c999802ced635c7,d5b4e371ff70ff768c999802ced635c7,No,NoDisponible,,,,,,,
263,Peromyscus gratus,155858,-101.758122,21.18176,,False,4,12.31,Mammalia,Rodentia,Cricetidae,2043,Terrestre,1952,,2017-12,http://www.snib.mx/snibgeoportal/Ejemplar.php?id=d5c76ec24f8aa732bac61e66eacba864,d5c76ec24f8aa732bac61e66eacba864,No,NoDisponible,,,,,,,
481,Peromyscus gratus,137232,-103.8375,24.736944,,False,3,5.36,Mammalia,Rodentia,Cricetidae,1899,Terrestre,9999,,2017-12,http://www.snib.mx/snibgeoportal/Ejemplar.php?id=d643c0f4eee734ae9f51e3b47c69b2c9,d643c0f4eee734ae9f51e3b47c69b2c9,Si,NoDisponible,No,No,Si,,,,
74,Peromyscus gratus,141750,-103.1297222,22.9261111,,False,4,21.87,Mammalia,Rodentia,Cricetidae,2294,Terrestre,2009,,2017-12,http://www.snib.mx/snibgeoportal/Ejemplar.php?id=d68924e94c0591fd8cd468960a478ea3,d68924e94c0591fd8cd468960a478ea3,No,NoDisponible,,,,,,,
529,Peromyscus gratus,156300,-101.497792,24.607485,,False,4,24.1,Mammalia,Rodentia,Cricetidae,2459,Terrestre,1969,,2017-12,http://www.snib.mx/snibgeoportal/Ejemplar.php?id=d6d487bde8c6508e294b3ce50cd05dfd,d6d487bde8c6508e294b3ce50cd05dfd,No,NoDisponible,,,,,,,
370,Peromyscus gratus,175077,-99.1495476,19.3341667,,False,4,17.79,Mammalia,Rodentia,Cricetidae,2252,Terrestre,1947,,2017-12,http://www.snib.mx/snibgeoportal/Ejemplar.php?id=d6f4c6fcd2b7b3a465c07ec442544be4,d6f4c6fcd2b7b3a465c07ec442544be4,No,NoDisponible,,,,,,,
559,Peromyscus gratus,109957,-107.494992,27.784533,,False,4,10.72,Mammalia,Rodentia,Cricetidae,2197,Terrestre,1968,,2017-12,http://www.snib.mx/snibgeoportal/Ejemplar.php?id=d700910a1c54eb60e642bd4b1f397ff8,d700910a1c54eb60e642bd4b1f397ff8,No,NoDisponible,,,,,,,
42,Peromyscus gratus,175052,-99.196743,19.307168,,False,4,22.99,Mammalia,Rodentia,Cricetidae,2417,Terrestre,1947,,2017-12,http://www.snib.mx/snibgeoportal/Ejemplar.php?id=d7486268f69a21da9b2b3cb56df5b421,d7486268f69a21da9b2b3cb56df5b421,No,NoDisponible,,,,,,,
739,Peromyscus gratus,146170,-102.4508333,20.1177778,,False,3,5.69,Mammalia,Rodentia,Cricetidae,1588,Terrestre,9999,,2017-12,http://www.snib.mx/snibgeoportal/Ejemplar.php?id=d78d09bc78f088cfb2f5755c732acaef,d78d09bc78f088cfb2f5755c732acaef,No,NoDisponible,,,,,,,
560,Peromyscus gratus,109957,-107.494992,27.784533,,False,4,10.72,Mammalia,Rodentia,Cricetidae,2197,Terrestre,1968,,2017-12,http://www.snib.mx/snibgeoportal/Ejemplar.php?id=d81fbb233fba4ea42df7cff974bf7ca4,d81fbb233fba4ea42df7cff974bf7ca4,No,NoDisponible,,,,,,,
52,Peromyscus gratus,175051,-99.205,19.21722,,False,4,16.74,Mammalia,Rodentia,Cricetidae,2941,Terrestre,1892,,2017-12,http://www.snib.mx/snibgeoportal/Ejemplar.php?id=d87a7c974975fb749c8e17b20c3c6a57,d87a7c974975fb749c8e17b20c3c6a57,No,NoDisponible,,,,,,,
129,Peromyscus gratus,127849,-104.7322222,24.0130556,,False,4,16.75,Mammalia,Rodentia,Cricetidae,1917,Terrestre,1990,,2017-12,http://www.snib.mx/snibgeoportal/Ejemplar.php?id=d89944b077468a363d4b9b8508c7c699,d89944b077468a363d4b9b8508c7c699,No,NoDisponible,,,,,,,
450,Peromyscus gratus,155673,-101.6094444,19.5158333,,False,4,22.19,Mammalia,Rodentia,Cricetidae,2150,Terrestre,9999,,2017-12,http://www.snib.mx/snibgeoportal/Ejemplar.php?id=d8c3095be049570458732717d3f1576d,d8c3095be049570458732717d3f1576d,No,NoDisponible,,,,,,,
130,Peromyscus gratus,127849,-104.7322222,24.0130556,,False,4,16.75,Mammalia,Rodentia,Cricetidae,1917,Terrestre,1990,,2017-12,http://www.snib.mx/snibgeoportal/Ejemplar.php?id=d95698823cc1ea27e7ef0637b42f2e79,d95698823cc1ea27e7ef0637b42f2e79,No,NoDisponible,,,,,,,
591,Peromyscus gratus,123286,-105.7833333,25.55,,False,4,20.22,Mammalia,Rodentia,Cricetidae,2285,Terrestre,1994,,2017-12,http://www.snib.mx/snibgeoportal/Ejemplar.php?id=d9e5af816240b522d9a824f16cc5e272,d9e5af816240b522d9a824f16cc5e272,No,NoDisponible,,,,,,,
388,Peromyscus gratus,175077,-99.166667,19.3205556,,False,4,17.79,Mammalia,Rodentia,Cricetidae,2291,Terrestre,9999,,2017-12,http://www.snib.mx/snibgeoportal/Ejemplar.php?id=d9edc56a4ffda615ed6f395ca3742225,d9edc56a4ffda615ed6f395ca3742225,No,NoDisponible,,,,,,,
12,Peromyscus gratus,175052,-99.1862154,19.3141667,,False,4,22.99,Mammalia,Rodentia,Cricetidae,2317,Terrestre,1947,,2017-12,http://www.snib.mx/snibgeoportal/Ejemplar.php?id=da3c7288eb6fc1ca8421cae66f0fce64,da3c7288eb6fc1ca8421cae66f0fce64,No,NoDisponible,,,,,,,
624,Peromyscus gratus,101362,-108.3380556,29.9741667,,False,4,10.82,Mammalia,Rodentia,Cricetidae,2153,Terrestre,9999,SI,2017-12,http://www.snib.mx/snibgeoportal/Ejemplar.php?id=da645367f0b0c12d6e8138fedcd372c8,da645367f0b0c12d6e8138fedcd372c8,No,NoDisponible,,,,,,,
211,Peromyscus gratus,175055,-99.2167722,19.3233333,,False,4,21.09,Mammalia,Rodentia,Cricetidae,2398,Terrestre,1944,,2017-12,http://www.snib.mx/snibgeoportal/Ejemplar.php?id=da7670c049e7ebc37b417570e5796ad9,da7670c049e7ebc37b417570e5796ad9,No,NoDisponible,,,,,,,
212,Peromyscus gratus,175055,-99.2167722,19.3233333,,False,4,21.09,Mammalia,Rodentia,Cricetidae,2398,Terrestre,1944,,2017-12,http://www.snib.mx/snibgeoportal/Ejemplar.php?id=dac5a028071cd87e7beda140e168d176,dac5a028071cd87e7beda140e168d176,No,NoDisponible,,,,,,,
229,Peromyscus gratus,175082,-98.996833,19.303528,,False,4,19.89,Mammalia,Rodentia,Cricetidae,2286,Terrestre,2009,,2017-12,http://www.snib.mx/snibgeoportal/Ejemplar.php?id=db22a44aff167b8b6f13d7908f1f11e0,db22a44aff167b8b6f13d7908f1f11e0,No,NoDisponible,,,,,,,
599,Peromyscus gratus,180058,-98.73611,20.1225,,False,5,33.04,Mammalia,Rodentia,Cricetidae,2396,Terrestre,1893,,2017-12,http://www.snib.mx/snibgeoportal/Ejemplar.php?id=dbdcb683ebca3d68aa840383a8ff9b3e,dbdcb683ebca3d68aa840383a8ff9b3e,No,NoDisponible,,,,,,,
118,Peromyscus gratus,170312,-99.89614,20.52108,,False,4,14.73,Mammalia,Rodentia,Cricetidae,1906,Terrestre,1896,,2017-12,http://www.snib.mx/snibgeoportal/Ejemplar.php?id=dc07d2bcc70f3a178546d7fc505c154e,dc07d2bcc70f3a178546d7fc505c154e,No,NoDisponible,,,,,,,
296,Peromyscus gratus,199453,-96.4080872,16.9222222,,False,4,9.24,Mammalia,Rodentia,Cricetidae,1645,Terrestre,1955,,2017-12,http://www.snib.mx/snibgeoportal/Ejemplar.php?id=dca57def7197ac9aff0e549c9fe3ab0a,dca57def7197ac9aff0e549c9fe3ab0a,No,NoDisponible,,,,,,,
359,Peromyscus gratus,160551,-100.8167958,19.8686194,,False,4,21.81,Mammalia,Rodentia,Cricetidae,1943,Terrestre,1954,,2017-12,http://www.snib.mx/snibgeoportal/Ejemplar.php?id=dda25423b236e658ab18b3f0212c2895,dda25423b236e658ab18b3f0212c2895,No,NoDisponible,,,,,,,
281,Peromyscus gratus,175074,-99.1616667,19.2833333,,False,4,21.87,Mammalia,Rodentia,Cricetidae,2295,Terrestre,9999,,2017-12,http://www.snib.mx/snibgeoportal/Ejemplar.php?id=ddcec65628d7b75317bb56797d4ab809,ddcec65628d7b75317bb56797d4ab809,No,NoDisponible,,,,,,,
744,Peromyscus gratus,132292,-104.5011111,22.5105556,,True,2,-29.56,Mammalia,Rodentia,Cricetidae,560,Terrestre,9999,,2017-12,http://www.snib.mx/snibgeoportal/Ejemplar.php?id=ddd16f59f23d4f26099863ad705f8f87,ddd16f59f23d4f26099863ad705f8f87,Si,NoDisponible,No,Si,Si,,,,
521,Peromyscus gratus,127800,-104.782069,23.986394,,False,4,19.12,Mammalia,Rodentia,Cricetidae,2221,Terrestre,9999,,2017-12,http://www.snib.mx/snibgeoportal/Ejemplar.php?id=de866ed516354b77ae7f1793e625f963,de866ed516354b77ae7f1793e625f963,No,NoDisponible,,,,,,,
350,Peromyscus gratus,180066,-98.5578693,19.8127778,,False,5,28.94,Mammalia,Rodentia,Cricetidae,2514,Terrestre,1952,,2017-12,http://www.snib.mx/snibgeoportal/Ejemplar.php?id=decdb00d87e5ec5dbe13a7759c010ed0,decdb00d87e5ec5dbe13a7759c010ed0,No,NoDisponible,,,,,,,
749,Peromyscus gratus,175118,-99.2677778,19.9541667,,False,4,22.35,Mammalia,Rodentia,Cricetidae,2259,Terrestre,9999,,2017-12,http://www.snib.mx/snibgeoportal/Ejemplar.php?id=defde659b24d5b2702b133c1e837fa9f,defde659b24d5b2702b133c1e837fa9f,No,NoDisponible,,,,,,,
674,Peromyscus gratus,146502,-102.8680556,23.1747222,,False,4,11.76,Mammalia,Rodentia,Cricetidae,2179,Terrestre,9999,,2017-12,http://www.snib.mx/snibgeoportal/Ejemplar.php?id=df166439262f2dc3495b4291b40ea4f6,df166439262f2dc3495b4291b40ea4f6,No,NoDisponible,,,,,,,
499,Peromyscus gratus,137100,-103.798939,23.575243,,False,4,18.1,Mammalia,Rodentia,Cricetidae,2131,Terrestre,1969,,2017-12,http://www.snib.mx/snibgeoportal/Ejemplar.php?id=df354fb2206b6e1cd5508c762f70be1c,df354fb2206b6e1cd5508c762f70be1c,No,NoDisponible,,,,,,,
675,Peromyscus gratus,146502,-102.8680556,23.1747222,,False,4,11.76,Mammalia,Rodentia,Cricetidae,2179,Terrestre,9999,,2017-12,http://www.snib.mx/snibgeoportal/Ejemplar.php?id=df5a3f0b73bfd376572554ee64ff624b,df5a3f0b73bfd376572554ee64ff624b,No,NoDisponible,,,,,,,
115,Peromyscus gratus,170312,-99.9333333,20.4833333,,False,4,14.73,Mammalia,Rodentia,Cricetidae,1886,Terrestre,1984,,2017-12,http://www.snib.mx/snibgeoportal/Ejemplar.php?id=dfdc46bcde2c33f19f5cb366c7140268,dfdc46bcde2c33f19f5cb366c7140268,No,NoDisponible,,,,,,,
792,Peromyscus gratus,175069,-99.2641667,19.625,,False,4,17.28,Mammalia,Rodentia,Cricetidae,2330,Terrestre,9999,,2017-12,http://www.snib.mx/snibgeoportal/Ejemplar.php?id=dffbb175f6f0172e10612ede60307b13,dffbb175f6f0172e10612ede60307b13,No,NoDisponible,,,,,,,
307,Peromyscus gratus,160508,-100.6558599,19.5593,,False,4,13.05,Mammalia,Rodentia,Cricetidae,2725,Terrestre,1954,,2017-12,http://www.snib.mx/snibgeoportal/Ejemplar.php?id=e03457c98f9fb331434b1a4cbec747c1,e03457c98f9fb331434b1a4cbec747c1,No,NoDisponible,,,,,,,
786,Peromyscus gratus,146569,-102.7572222,23.4766667,,False,4,9.4,Mammalia,Rodentia,Cricetidae,2126,Terrestre,9999,,2017-12,http://www.snib.mx/snibgeoportal/Ejemplar.php?id=e048e2198aa13e51c5a47ff48df3d838,e048e2198aa13e51c5a47ff48df3d838,No,NoDisponible,,,,,,,
264,Peromyscus gratus,155858,-101.758122,21.18176,,False,4,12.31,Mammalia,Rodentia,Cricetidae,2043,Terrestre,1952,,2017-12,http://www.snib.mx/snibgeoportal/Ejemplar.php?id=e050c153f25faf9864bdaa8e913b6048,e050c153f25faf9864bdaa8e913b6048,No,NoDisponible,,,,,,,
213,Peromyscus gratus,175055,-99.2167722,19.3233333,,False,4,21.09,Mammalia,Rodentia,Cricetidae,2398,Terrestre,1944,,2017-12,http://www.snib.mx/snibgeoportal/Ejemplar.php?id=e0e3167659166bc67b685f5194268017,e0e3167659166bc67b685f5194268017,No,NoDisponible,,,,,,,
687,Peromyscus gratus,175115,-99.2236111,19.7827778,,False,4,19.04,Mammalia,Rodentia,Cricetidae,2303,Terrestre,9999,,2017-12,http://www.snib.mx/snibgeoportal/Ejemplar.php?id=e0fe59c40cc715d8416a2ecb09618e15,e0fe59c40cc715d8416a2ecb09618e15,No,NoDisponible,,,,,,,
576,Peromyscus gratus,151138,-102.0210103,21.4571136,,False,4,16.84,Mammalia,Rodentia,Cricetidae,2045,Terrestre,2000,,2017-12,http://www.snib.mx/snibgeoportal/Ejemplar.php?id=e170746ac93b2542940478d63881d824,e170746ac93b2542940478d63881d824,No,NoDisponible,,,,,,,
781,Peromyscus gratus,156232,-101.6619444,24.2011111,,False,3,3.41,Mammalia,Rodentia,Cricetidae,1948,Terrestre,9999,,2017-12,http://www.snib.mx/snibgeoportal/Ejemplar.php?id=e189ebe5b2f3e0ee6c547447d3021ad0,e189ebe5b2f3e0ee6c547447d3021ad0,No,NoDisponible,,,,,,,
628,Peromyscus gratus,161213,-100.6875,25.4333333,,False,4,24.78,Mammalia,Rodentia,Cricetidae,2531,Terrestre,9999,,2017-12,http://www.snib.mx/snibgeoportal/Ejemplar.php?id=e21f9d8e23f7698fcb6c7c1aab0d2ab5,e21f9d8e23f7698fcb6c7c1aab0d2ab5,No,NoDisponible,,,,,,,
726,Peromyscus gratus,105454,-107.6202778,27.3002778,,False,4,13.43,Mammalia,Rodentia,Cricetidae,2353,Terrestre,9999,,2017-12,http://www.snib.mx/snibgeoportal/Ejemplar.php?id=e245f2a81ab5fceff101ea035234737c,e245f2a81ab5fceff101ea035234737c,No,NoDisponible,,,,,,,
32,Peromyscus gratus,175052,-99.225,19.3083333,,False,4,22.99,Mammalia,Rodentia,Cricetidae,2434,Terrestre,9999,,2017-12,http://www.snib.mx/snibgeoportal/Ejemplar.php?id=e262093cd19c27533dfdd37084214fe5,e262093cd19c27533dfdd37084214fe5,No,NoDisponible,,,,,,,
500,Peromyscus gratus,137100,-103.798939,23.575243,,False,4,18.1,Mammalia,Rodentia,Cricetidae,2131,Terrestre,1969,,2017-12,http://www.snib.mx/snibgeoportal/Ejemplar.php?id=e291c963d7a07b9feddb257db7f93c7a,e291c963d7a07b9feddb257db7f93c7a,No,NoDisponible,,,,,,,
131,Peromyscus gratus,127849,-104.7322222,24.0130556,,False,4,16.75,Mammalia,Rodentia,Cricetidae,1917,Terrestre,1990,,2017-12,http://www.snib.mx/snibgeoportal/Ejemplar.php?id=e2b85a0ffbb374ccdf32c675ad250916,e2b85a0ffbb374ccdf32c675ad250916,No,NoDisponible,,,,,,,
106,Peromyscus gratus,127841,-104.8872222,24.03,,False,4,13.18,Mammalia,Rodentia,Cricetidae,2366,Terrestre,1990,,2017-12,http://www.snib.mx/snibgeoportal/Ejemplar.php?id=e2dfcaeaa2a1d487efc30e8f2b74ab08,e2dfcaeaa2a1d487efc30e8f2b74ab08,No,NoDisponible,,,,,,,
424,Peromyscus gratus,160569,-100.7216667,20.0313889,,False,4,13.2,Mammalia,Rodentia,Cricetidae,1867,Terrestre,9999,,2017-12,http://www.snib.mx/snibgeoportal/Ejemplar.php?id=e3129fa624d35034a81131b15c6e1652,e3129fa624d35034a81131b15c6e1652,No,NoDisponible,,,,,,,
123,Peromyscus gratus,170380,-99.8044444,20.9211111,,False,4,14.39,Mammalia,Rodentia,Cricetidae,1719,Terrestre,1997,,2017-12,http://www.snib.mx/snibgeoportal/Ejemplar.php?id=e3914473a37d5b14d3ee085714d744c8,e3914473a37d5b14d3ee085714d744c8,No,NoDisponible,,,,,,,
324,Peromyscus gratus,146249,-102.7611111,20.825,,False,3,5.23,Mammalia,Rodentia,Cricetidae,1822,Terrestre,9999,,2017-12,http://www.snib.mx/snibgeoportal/Ejemplar.php?id=e395f39401e5261e387453a4458d6148,e395f39401e5261e387453a4458d6148,No,NoDisponible,,,,,,,
472,Peromyscus gratus,127773,-105.057994,23.896819,,False,4,14.9,Mammalia,Rodentia,Cricetidae,2562,Terrestre,9999,,2017-12,http://www.snib.mx/snibgeoportal/Ejemplar.php?id=e3c9513906091e44f6c81d762fa6a6cf,e3c9513906091e44f6c81d762fa6a6cf,No,NoDisponible,,,,,,,
730,Peromyscus gratus,180068,-98.5238889,19.8480556,,False,5,29.14,Mammalia,Rodentia,Cricetidae,2793,Terrestre,9999,,2017-12,http://www.snib.mx/snibgeoportal/Ejemplar.php?id=e3d74d6896147fbf109a5652b9b66285,e3d74d6896147fbf109a5652b9b66285,No,NoDisponible,,,,,,,
782,Peromyscus gratus,156232,-101.6619444,24.2011111,,False,3,3.41,Mammalia,Rodentia,Cricetidae,1948,Terrestre,9999,,2017-12,http://www.snib.mx/snibgeoportal/Ejemplar.php?id=e424eb95e8b561a904c2871859f53810,e424eb95e8b561a904c2871859f53810,No,NoDisponible,,,,,,,
617,Peromyscus gratus,105414,-108.0544444,27.2969444,,False,3,-11.33,Mammalia,Rodentia,Cricetidae,1621,Terrestre,9999,,2017-12,http://www.snib.mx/snibgeoportal/Ejemplar.php?id=e45a1a3374b3eca06c84a7581f6f5973,e45a1a3374b3eca06c84a7581f6f5973,No,NoDisponible,,,,,,,
371,Peromyscus gratus,175077,-99.1495476,19.3341667,,False,4,17.79,Mammalia,Rodentia,Cricetidae,2252,Terrestre,1947,,2017-12,http://www.snib.mx/snibgeoportal/Ejemplar.php?id=e4f67aa59d4520af93b42d0d6ccd832a,e4f67aa59d4520af93b42d0d6ccd832a,No,NoDisponible,,,,,,,
411,Peromyscus gratus,175077,-99.141993,19.343467,,False,4,17.79,Mammalia,Rodentia,Cricetidae,2236,Terrestre,9999,,2017-12,http://www.snib.mx/snibgeoportal/Ejemplar.php?id=e51feb33d8e8c729e6f1bd96606107dc,e51feb33d8e8c729e6f1bd96606107dc,No,NoDisponible,,,,,,,
116,Peromyscus gratus,170312,-99.9333333,20.4833333,,False,4,14.73,Mammalia,Rodentia,Cricetidae,1886,Terrestre,1984,,2017-12,http://www.snib.mx/snibgeoportal/Ejemplar.php?id=e52a124e48c7c3c2afdc4ff08ec073b2,e52a124e48c7c3c2afdc4ff08ec073b2,No,NoDisponible,,,,,,,
501,Peromyscus gratus,137100,-103.798939,23.575243,,False,4,18.1,Mammalia,Rodentia,Cricetidae,2131,Terrestre,1969,,2017-12,http://www.snib.mx/snibgeoportal/Ejemplar.php?id=e58a246a24eb96b4859e8e5bda577ecc,e58a246a24eb96b4859e8e5bda577ecc,No,NoDisponible,,,,,,,
214,Peromyscus gratus,175055,-99.2167722,19.3233333,,False,4,21.09,Mammalia,Rodentia,Cricetidae,2398,Terrestre,1944,,2017-12,http://www.snib.mx/snibgeoportal/Ejemplar.php?id=e592a441ac66e1e337ab76f2b612dfff,e592a441ac66e1e337ab76f2b612dfff,No,NoDisponible,,,,,,,
405,Peromyscus gratus,175077,-99.166667,19.3205556,,False,4,17.79,Mammalia,Rodentia,Cricetidae,2291,Terrestre,9999,,2017-12,http://www.snib.mx/snibgeoportal/Ejemplar.php?id=e5aad47eebff3015f9ecd82b1750df86,e5aad47eebff3015f9ecd82b1750df86,No,NoDisponible,,,,,,,
215,Peromyscus gratus,175055,-99.2167722,19.3233333,,False,4,21.09,Mammalia,Rodentia,Cricetidae,2398,Terrestre,1944,,2017-12,http://www.snib.mx/snibgeoportal/Ejemplar.php?id=e5e435a34dec4f5e08ef64f21f4ba0bc,e5e435a34dec4f5e08ef64f21f4ba0bc,No,NoDisponible,,,,,,,
473,Peromyscus gratus,127773,-105.057994,23.896819,,False,4,14.9,Mammalia,Rodentia,Cricetidae,2562,Terrestre,9999,,2017-12,http://www.snib.mx/snibgeoportal/Ejemplar.php?id=e6053763a94342fac36e47f0c2790797,e6053763a94342fac36e47f0c2790797,No,NoDisponible,,,,,,,
697,Peromyscus gratus,137127,-103.6397222,23.6347222,,False,4,23.69,Mammalia,Rodentia,Cricetidae,2323,Terrestre,9999,,2017-12,http://www.snib.mx/snibgeoportal/Ejemplar.php?id=e61cea858ffb0cd4746ae397514ed5df,e61cea858ffb0cd4746ae397514ed5df,No,NoDisponible,,,,,,,
622,Peromyscus gratus,165564,-100.0672222,21.1388889,,False,4,12.53,Mammalia,Rodentia,Cricetidae,1567,Terrestre,9999,,2017-12,http://www.snib.mx/snibgeoportal/Ejemplar.php?id=e678c896319a38022477b2b9d1637c75,e678c896319a38022477b2b9d1637c75,No,NoDisponible,,,,,,,
437,Peromyscus gratus,165386,-100.4504461,19.83939,,False,4,13.88,Mammalia,Rodentia,Cricetidae,2065,Terrestre,1954,,2017-12,http://www.snib.mx/snibgeoportal/Ejemplar.php?id=e69376645884171dd77da26655372ef1,e69376645884171dd77da26655372ef1,No,NoDisponible,,,,,,,
502,Peromyscus gratus,137100,-103.798939,23.575243,,False,4,18.1,Mammalia,Rodentia,Cricetidae,2131,Terrestre,1969,,2017-12,http://www.snib.mx/snibgeoportal/Ejemplar.php?id=e84511686ad443ac048abcab6f531d4b,e84511686ad443ac048abcab6f531d4b,No,NoDisponible,,,,,,,
433,Peromyscus gratus,141489,-103.1380019,20.57045,,False,3,0,Mammalia,Rodentia,Cricetidae,1491,Terrestre,1949,,2017-12,http://www.snib.mx/snibgeoportal/Ejemplar.php?id=e8531c3e7a2cae23a86bee9de143219b,e8531c3e7a2cae23a86bee9de143219b,No,NoDisponible,,,,,,,
790,Peromyscus gratus,151192,-102.2369444,22.3908333,,False,4,9.78,Mammalia,Rodentia,Cricetidae,1972,Terrestre,9999,,2017-12,http://www.snib.mx/snibgeoportal/Ejemplar.php?id=e8931826363208505fa715e753dca290,e8931826363208505fa715e753dca290,No,NoDisponible,,,,,,,
729,Peromyscus gratus,109965,-107.3516667,27.7488889,,False,4,13.63,Mammalia,Rodentia,Cricetidae,2601,Terrestre,9999,,2017-12,http://www.snib.mx/snibgeoportal/Ejemplar.php?id=e8aaa075cdb3d4be4649224b114dbb0a,e8aaa075cdb3d4be4649224b114dbb0a,No,NoDisponible,,,,,,,
297,Peromyscus gratus,199453,-96.4080872,16.9222222,,False,4,9.24,Mammalia,Rodentia,Cricetidae,1645,Terrestre,1955,,2017-12,http://www.snib.mx/snibgeoportal/Ejemplar.php?id=ea118240ecde1b4fcfc27990a07926b8,ea118240ecde1b4fcfc27990a07926b8,No,NoDisponible,,,,,,,
216,Peromyscus gratus,175055,-99.2167722,19.3233333,,False,4,21.09,Mammalia,Rodentia,Cricetidae,2398,Terrestre,1944,,2017-12,http://www.snib.mx/snibgeoportal/Ejemplar.php?id=ea91cdf658f3a85597178d63b4ba1c32,ea91cdf658f3a85597178d63b4ba1c32,No,NoDisponible,,,,,,,
298,Peromyscus gratus,199453,-96.4080872,16.9222222,,False,4,9.24,Mammalia,Rodentia,Cricetidae,1645,Terrestre,1955,,2017-12,http://www.snib.mx/snibgeoportal/Ejemplar.php?id=eb2b72a748bbd455f3971879a0b3629d,eb2b72a748bbd455f3971879a0b3629d,No,NoDisponible,,,,,,,
429,Peromyscus gratus,151103,-101.7894508,21.2117778,,False,4,15.6,Mammalia,Rodentia,Cricetidae,1982,Terrestre,1966,,2017-12,http://www.snib.mx/snibgeoportal/Ejemplar.php?id=eb9ff1021945f3de9e6ea65a3b7aad9b,eb9ff1021945f3de9e6ea65a3b7aad9b,No,NoDisponible,,,,,,,
752,Peromyscus gratus,105401,-107.63,26.875,,False,3,-9.36,Mammalia,Rodentia,Cricetidae,1675,Terrestre,9999,,2017-12,http://www.snib.mx/snibgeoportal/Ejemplar.php?id=ebafca6eff268d2a3cf724de924b94a2,ebafca6eff268d2a3cf724de924b94a2,No,NoDisponible,,,,,,,
252,Peromyscus gratus,175205,-99.1406632,20.4111111,,False,3,5.65,Mammalia,Rodentia,Cricetidae,1951,Terrestre,1946,,2017-12,http://www.snib.mx/snibgeoportal/Ejemplar.php?id=ec10c7eb719e88451c0bf657448f1ad9,ec10c7eb719e88451c0bf657448f1ad9,No,NoDisponible,,,,,,,
698,Peromyscus gratus,155859,-101.6808333,21.1186111,,False,4,8.26,Mammalia,Rodentia,Cricetidae,1812,Terrestre,9999,,2017-12,http://www.snib.mx/snibgeoportal/Ejemplar.php?id=ec2ae1b9285052828126376c23e36d55,ec2ae1b9285052828126376c23e36d55,No,NoDisponible,,,,,,,
217,Peromyscus gratus,175055,-99.2167722,19.3233333,,False,4,21.09,Mammalia,Rodentia,Cricetidae,2398,Terrestre,1944,,2017-12,http://www.snib.mx/snibgeoportal/Ejemplar.php?id=ec5a5da65504a075d3d3ebf02f1a9a27,ec5a5da65504a075d3d3ebf02f1a9a27,No,NoDisponible,,,,,,,
218,Peromyscus gratus,175055,-99.2167722,19.3233333,,False,4,21.09,Mammalia,Rodentia,Cricetidae,2398,Terrestre,1944,,2017-12,http://www.snib.mx/snibgeoportal/Ejemplar.php?id=ec6fc8871951bd38dbfb01f15dfa2393,ec6fc8871951bd38dbfb01f15dfa2393,No,NoDisponible,,,,,,,
15,Peromyscus gratus,175052,-99.1953825,19.2763889,,False,4,22.99,Mammalia,Rodentia,Cricetidae,2462,Terrestre,1947,,2017-12,http://www.snib.mx/snibgeoportal/Ejemplar.php?id=ed49a0cbae9f0893b5fb540d1da6e4b9,ed49a0cbae9f0893b5fb540d1da6e4b9,No,NoDisponible,,,,,,,
273,Peromyscus gratus,175074,-99.1381591,19.2569444,,False,4,21.87,Mammalia,Rodentia,Cricetidae,2411,Terrestre,1947,,2017-12,http://www.snib.mx/snibgeoportal/Ejemplar.php?id=ede7eaa1ac3a0b5128e44ba109509c52,ede7eaa1ac3a0b5128e44ba109509c52,No,NoDisponible,,,,,,,
18,Peromyscus gratus,175052,-99.2281614,19.3075,,False,4,22.99,Mammalia,Rodentia,Cricetidae,2437,Terrestre,1947,,2017-12,http://www.snib.mx/snibgeoportal/Ejemplar.php?id=edfafaeabdd3cc355744be38c1a11cfe,edfafaeabdd3cc355744be38c1a11cfe,No,NoDisponible,,,,,,,
265,Peromyscus gratus,155858,-101.758122,21.18176,,False,4,12.31,Mammalia,Rodentia,Cricetidae,2043,Terrestre,1952,,2017-12,http://www.snib.mx/snibgeoportal/Ejemplar.php?id=ee006a2f8ecab6436b4da21b0fb57699,ee006a2f8ecab6436b4da21b0fb57699,No,NoDisponible,,,,,,,
276,Peromyscus gratus,175074,-99.1412142,19.2830556,,False,4,21.87,Mammalia,Rodentia,Cricetidae,2244,Terrestre,1947,,2017-12,http://www.snib.mx/snibgeoportal/Ejemplar.php?id=ee8faf6cc0f1a32ae5f8832c13f4f427,ee8faf6cc0f1a32ae5f8832c13f4f427,No,NoDisponible,,,,,,,
446,Peromyscus gratus,155673,-101.60944,19.51583,,False,4,22.19,Mammalia,Rodentia,Cricetidae,2150,Terrestre,9999,,2017-12,http://www.snib.mx/snibgeoportal/Ejemplar.php?id=ee9565c6c83bf14fbe31a9223607591e,ee9565c6c83bf14fbe31a9223607591e,No,NoDisponible,,,,,,,
315,Peromyscus gratus,199452,-96.3603078,16.8430556,,False,4,17.29,Mammalia,Rodentia,Cricetidae,1958,Terrestre,1953,,2017-12,http://www.snib.mx/snibgeoportal/Ejemplar.php?id=eeabca6a266683012f236a0b9eefa0fb,eeabca6a266683012f236a0b9eefa0fb,No,NoDisponible,,,,,,,
98,Peromyscus gratus,170417,-99.6980667,21.0947997,,False,5,34.29,Mammalia,Rodentia,Cricetidae,2183,Terrestre,1982,,2017-12,http://www.snib.mx/snibgeoportal/Ejemplar.php?id=eec1ad02790098dcfc3d9a55d6d46c64,eec1ad02790098dcfc3d9a55d6d46c64,No,NoDisponible,,,,,,,
482,Peromyscus gratus,137232,-103.8375,24.736944,,False,3,5.36,Mammalia,Rodentia,Cricetidae,1899,Terrestre,9999,,2017-12,http://www.snib.mx/snibgeoportal/Ejemplar.php?id=eefba4bc11a1e2627677a1a5d1d1ce15,eefba4bc11a1e2627677a1a5d1d1ce15,Si,NoDisponible,No,No,Si,,,,
423,Peromyscus gratus,160569,-100.7218132,20.03139,,False,4,13.2,Mammalia,Rodentia,Cricetidae,1864,Terrestre,1954,,2017-12,http://www.snib.mx/snibgeoportal/Ejemplar.php?id=ef7299c30de2c4b848afb0f291c8369c,ef7299c30de2c4b848afb0f291c8369c,No,NoDisponible,,,,,,,
468,Peromyscus gratus,165378,-100.5423381,19.813408,,False,4,21.05,Mammalia,Rodentia,Cricetidae,2621,Terrestre,1949,,2017-12,http://www.snib.mx/snibgeoportal/Ejemplar.php?id=f0075d15f7e68a0daf0f0465110be973,f0075d15f7e68a0daf0f0465110be973,No,NoDisponible,,,,,,,
764,Peromyscus gratus,105519,-107.535,27.7488889,,False,4,10.42,Mammalia,Rodentia,Cricetidae,2352,Terrestre,9999,,2017-12,http://www.snib.mx/snibgeoportal/Ejemplar.php?id=f02a097f2124e740255aad577f5a297e,f02a097f2124e740255aad577f5a297e,No,NoDisponible,,,,,,,
51,Peromyscus gratus,175051,-99.2077789,19.233055,,False,4,16.74,Mammalia,Rodentia,Cricetidae,2913,Terrestre,1944,,2017-12,http://www.snib.mx/snibgeoportal/Ejemplar.php?id=f08b09a845384eb5d75a5780dd8054f8,f08b09a845384eb5d75a5780dd8054f8,No,NoDisponible,,,,,,,
75,Peromyscus gratus,175226,-98.9841667,20.6555556,,False,4,19.62,Mammalia,Rodentia,Cricetidae,1620,Terrestre,1992,,2017-12,http://www.snib.mx/snibgeoportal/Ejemplar.php?id=f0d88b9853ebf70578dd76ce4bd887b9,f0d88b9853ebf70578dd76ce4bd887b9,No,NoDisponible,,,,,,,
704,Peromyscus gratus,175044,-99.3416667,19.3083333,,False,4,16.32,Mammalia,Rodentia,Cricetidae,3030,Terrestre,9999,,2017-12,http://www.snib.mx/snibgeoportal/Ejemplar.php?id=f0ddab55b0fec1fc0de1193e742082fc,f0ddab55b0fec1fc0de1193e742082fc,No,NoDisponible,,,,,,,
219,Peromyscus gratus,175055,-99.2167722,19.3233333,,False,4,21.09,Mammalia,Rodentia,Cricetidae,2398,Terrestre,1944,,2017-12,http://www.snib.mx/snibgeoportal/Ejemplar.php?id=f14632bd4965bb6e5f152a55723a1055,f14632bd4965bb6e5f152a55723a1055,No,NoDisponible,,,,,,,
351,Peromyscus gratus,180066,-98.5578693,19.8127778,,False,5,28.94,Mammalia,Rodentia,Cricetidae,2514,Terrestre,1952,,2017-12,http://www.snib.mx/snibgeoportal/Ejemplar.php?id=f1f74a75dcb267e68da02d41ecf82b8e,f1f74a75dcb267e68da02d41ecf82b8e,No,NoDisponible,,,,,,,
561,Peromyscus gratus,109957,-107.494992,27.784533,,False,4,10.72,Mammalia,Rodentia,Cricetidae,2197,Terrestre,1968,,2017-12,http://www.snib.mx/snibgeoportal/Ejemplar.php?id=f24306134aec7bb2917f6647ddda3c8c,f24306134aec7bb2917f6647ddda3c8c,No,NoDisponible,,,,,,,
146,Peromyscus gratus,175055,-99.2145491,19.3233333,,False,4,21.09,Mammalia,Rodentia,Cricetidae,2371,Terrestre,1947,,2017-12,http://www.snib.mx/snibgeoportal/Ejemplar.php?id=f253d8456eb72413facb45905be9e8ef,f253d8456eb72413facb45905be9e8ef,No,NoDisponible,,,,,,,
372,Peromyscus gratus,175077,-99.1495476,19.3341667,,False,4,17.79,Mammalia,Rodentia,Cricetidae,2252,Terrestre,1947,,2017-12,http://www.snib.mx/snibgeoportal/Ejemplar.php?id=f26d1e98799cf13f1f419fe5aa76ac13,f26d1e98799cf13f1f419fe5aa76ac13,No,NoDisponible,,,,,,,
318,Peromyscus gratus,146109,-102.4758827,19.61259,,False,3,4.5,Mammalia,Rodentia,Cricetidae,1354,Terrestre,1954,,2017-12,http://www.snib.mx/snibgeoportal/Ejemplar.php?id=f2ece7f4bb98b2c7eeaec4deaca2f021,f2ece7f4bb98b2c7eeaec4deaca2f021,Si,NoDisponible,No,No,Si,,,,
676,Peromyscus gratus,146502,-102.8680556,23.1747222,,False,4,11.76,Mammalia,Rodentia,Cricetidae,2179,Terrestre,9999,,2017-12,http://www.snib.mx/snibgeoportal/Ejemplar.php?id=f302ac6ce129b6a08ff1983157f657d8,f302ac6ce129b6a08ff1983157f657d8,No,NoDisponible,,,,,,,
220,Peromyscus gratus,175055,-99.2167722,19.3233333,,False,4,21.09,Mammalia,Rodentia,Cricetidae,2398,Terrestre,1944,,2017-12,http://www.snib.mx/snibgeoportal/Ejemplar.php?id=f3df39fcd601f6cedacf2c54a57d4e68,f3df39fcd601f6cedacf2c54a57d4e68,No,NoDisponible,,,,,,,
336,Peromyscus gratus,146250,-102.7030971,20.9039788,,False,4,10.59,Mammalia,Rodentia,Cricetidae,1992,Terrestre,1949,,2017-12,http://www.snib.mx/snibgeoportal/Ejemplar.php?id=f47d0c502cf10464b6b98669bbbdce73,f47d0c502cf10464b6b98669bbbdce73,No,NoDisponible,,,,,,,
20,Peromyscus gratus,175052,-99.2084379,19.3005556,,False,4,22.99,Mammalia,Rodentia,Cricetidae,2395,Terrestre,1947,,2017-12,http://www.snib.mx/snibgeoportal/Ejemplar.php?id=f49aba9493889a257efe8e60f99bbd9f,f49aba9493889a257efe8e60f99bbd9f,No,NoDisponible,,,,,,,
270,Peromyscus gratus,175073,-99.1337139,19.2230556,,False,4,22.57,Mammalia,Rodentia,Cricetidae,2581,Terrestre,1944,,2017-12,http://www.snib.mx/snibgeoportal/Ejemplar.php?id=f4fb99a5bcb49f69262156f9a7f01499,f4fb99a5bcb49f69262156f9a7f01499,No,NoDisponible,,,,,,,
503,Peromyscus gratus,137100,-103.798939,23.575243,,False,4,18.1,Mammalia,Rodentia,Cricetidae,2131,Terrestre,1969,,2017-12,http://www.snib.mx/snibgeoportal/Ejemplar.php?id=f52290530eda8a1693d754653f332241,f52290530eda8a1693d754653f332241,No,NoDisponible,,,,,,,
124,Peromyscus gratus,170380,-99.8044444,20.9211111,,False,4,14.39,Mammalia,Rodentia,Cricetidae,1719,Terrestre,1997,,2017-12,http://www.snib.mx/snibgeoportal/Ejemplar.php?id=f531b1a2f860f9c3279b048322086788,f531b1a2f860f9c3279b048322086788,No,NoDisponible,,,,,,,
440,Peromyscus gratus,175175,-99.3248336,20.44,,False,4,7.97,Mammalia,Rodentia,Cricetidae,1879,Terrestre,1964,,2017-12,http://www.snib.mx/snibgeoportal/Ejemplar.php?id=f53fdf5dc1a24c8fb5f54bd2b9f87bde,f53fdf5dc1a24c8fb5f54bd2b9f87bde,No,NoDisponible,,,,,,,
784,Peromyscus gratus,175207,-99.0991667,20.4302778,,False,4,14.32,Mammalia,Rodentia,Cricetidae,2092,Terrestre,9999,,2017-12,http://www.snib.mx/snibgeoportal/Ejemplar.php?id=f5b21dcc677871afbd9278bf8ca6cc26,f5b21dcc677871afbd9278bf8ca6cc26,No,NoDisponible,,,,,,,
76,Peromyscus gratus,175226,-98.9841667,20.6555556,,False,4,19.62,Mammalia,Rodentia,Cricetidae,1620,Terrestre,1992,,2017-12,http://www.snib.mx/snibgeoportal/Ejemplar.php?id=f6500be501756f364229f14b4f951f64,f6500be501756f364229f14b4f951f64,No,NoDisponible,,,,,,,
119,Peromyscus gratus,170312,-99.89614,20.52108,,False,4,14.73,Mammalia,Rodentia,Cricetidae,1906,Terrestre,1896,,2017-12,http://www.snib.mx/snibgeoportal/Ejemplar.php?id=f68cd073632766d824151801b535d157,f68cd073632766d824151801b535d157,No,NoDisponible,,,,,,,
588,Peromyscus gratus,166029,-100.4107477,25.2276777,,False,4,18.25,Mammalia,Rodentia,Cricetidae,2729,Terrestre,2016,,2017-12,http://www.snib.mx/snibgeoportal/Ejemplar.php?id=f7559d28c7c17da7dd661d5b25ceea99,f7559d28c7c17da7dd661d5b25ceea99,No,NoDisponible,,,,,,,
67,Peromyscus gratus,170356,-99.6086667,20.6071664,,False,3,5.04,Mammalia,Rodentia,Cricetidae,1547,Terrestre,1996,,2017-12,http://www.snib.mx/snibgeoportal/Ejemplar.php?id=f7654c532fd85d722e6637417ced3d0e,f7654c532fd85d722e6637417ced3d0e,No,NoDisponible,,,,,,,
147,Peromyscus gratus,175055,-99.2145491,19.3233333,,False,4,21.09,Mammalia,Rodentia,Cricetidae,2371,Terrestre,1947,,2017-12,http://www.snib.mx/snibgeoportal/Ejemplar.php?id=f79f59d85ed6a19d9c00996ecd126905,f79f59d85ed6a19d9c00996ecd126905,No,NoDisponible,,,,,,,
562,Peromyscus gratus,109957,-107.494992,27.784533,,False,4,10.72,Mammalia,Rodentia,Cricetidae,2197,Terrestre,1968,,2017-12,http://www.snib.mx/snibgeoportal/Ejemplar.php?id=f7ea3f7fecffb8398fb50b241598a733,f7ea3f7fecffb8398fb50b241598a733,No,NoDisponible,,,,,,,
99,Peromyscus gratus,170417,-99.6980667,21.0947997,,False,5,34.29,Mammalia,Rodentia,Cricetidae,2183,Terrestre,1982,,2017-12,http://www.snib.mx/snibgeoportal/Ejemplar.php?id=f8268d331f92666ab19a962b0cd15c13,f8268d331f92666ab19a962b0cd15c13,No,NoDisponible,,,,,,,
238,Peromyscus gratus,175075,-99.0914909,19.2444444,,False,4,22.8,Mammalia,Rodentia,Cricetidae,2251,Terrestre,1947,,2017-12,http://www.snib.mx/snibgeoportal/Ejemplar.php?id=f88023a618616bd7a5edf77239855fcb,f88023a618616bd7a5edf77239855fcb,No,NoDisponible,,,,,,,
438,Peromyscus gratus,165386,-100.4504461,19.83939,,False,4,13.88,Mammalia,Rodentia,Cricetidae,2065,Terrestre,1954,,2017-12,http://www.snib.mx/snibgeoportal/Ejemplar.php?id=f8975a52cbfaef010f3078cc5506397d,f8975a52cbfaef010f3078cc5506397d,No,NoDisponible,,,,,,,
659,Peromyscus gratus,165353,-100.1305556,19.1925,,False,4,16.67,Mammalia,Rodentia,Cricetidae,1809,Terrestre,9999,,2017-12,http://www.snib.mx/snibgeoportal/Ejemplar.php?id=f89d139fff19a36ddd84be0cffa273eb,f89d139fff19a36ddd84be0cffa273eb,No,NoDisponible,,,,,,,
11,Peromyscus gratus,175052,-99.2251053,19.3083333,,False,4,22.99,Mammalia,Rodentia,Cricetidae,2434,Terrestre,1955,,2017-12,http://www.snib.mx/snibgeoportal/Ejemplar.php?id=f90ae75fedee639e4845b6af8c957106,f90ae75fedee639e4845b6af8c957106,No,NoDisponible,,,,,,,
92,Peromyscus gratus,170417,-99.7333333,21.1,,False,5,34.29,Mammalia,Rodentia,Cricetidae,1710,Terrestre,1983,,2017-12,http://www.snib.mx/snibgeoportal/Ejemplar.php?id=f96936f1c594d72907688d360b13d0e1,f96936f1c594d72907688d360b13d0e1,No,NoDisponible,,,,,,,
770,Peromyscus gratus,133135,-104.3763889,29.2669444,,True,1,-36.2,Mammalia,Rodentia,Cricetidae,966,Terrestre,9999,,2017-12,http://www.snib.mx/snibgeoportal/Ejemplar.php?id=f9990ba76a9169a357d6dbe716258d64,f9990ba76a9169a357d6dbe716258d64,Si,NoDisponible,No,No,Si,,,,
406,Peromyscus gratus,175077,-99.166667,19.3205556,,False,4,17.79,Mammalia,Rodentia,Cricetidae,2291,Terrestre,9999,,2017-12,http://www.snib.mx/snibgeoportal/Ejemplar.php?id=fa0df3b6fa779a3dc9eff477d8bed290,fa0df3b6fa779a3dc9eff477d8bed290,No,NoDisponible,,,,,,,
621,Peromyscus gratus,146131,-102.7997222,20.0016667,,False,4,10.61,Mammalia,Rodentia,Cricetidae,2005,Terrestre,9999,,2017-12,http://www.snib.mx/snibgeoportal/Ejemplar.php?id=fa11f1f4952193a6f2a5923082c924e7,fa11f1f4952193a6f2a5923082c924e7,No,NoDisponible,,,,,,,
257,Peromyscus gratus,179990,-98.84551,19.68442,,False,4,14.84,Mammalia,Rodentia,Cricetidae,2275,Terrestre,1946,,2017-12,http://www.snib.mx/snibgeoportal/Ejemplar.php?id=fa169b0311f760d2e4672593f4b0bbe1,fa169b0311f760d2e4672593f4b0bbe1,No,NoDisponible,,,,,,,
385,Peromyscus gratus,175077,-99.1617709,19.3352778,,False,4,17.79,Mammalia,Rodentia,Cricetidae,2253,Terrestre,1947,,2017-12,http://www.snib.mx/snibgeoportal/Ejemplar.php?id=fa5543fac81ec02aaa8a0d21b7d19893,fa5543fac81ec02aaa8a0d21b7d19893,No,NoDisponible,,,,,,,
134,Peromyscus gratus,175055,-99.1891667,19.3380556,,False,4,21.09,Mammalia,Rodentia,Cricetidae,2276,Terrestre,1976,SI,2017-12,http://www.snib.mx/snibgeoportal/Ejemplar.php?id=fa848039d6051df143460f10a670e1ab,fa848039d6051df143460f10a670e1ab,No,NoDisponible,,,,,,,
452,Peromyscus gratus,155673,-101.6094444,19.5158333,,False,4,22.19,Mammalia,Rodentia,Cricetidae,2150,Terrestre,9999,,2017-12,http://www.snib.mx/snibgeoportal/Ejemplar.php?id=fac4194bc118fbb41a8167dc91a547af,fac4194bc118fbb41a8167dc91a547af,No,NoDisponible,,,,,,,
522,Peromyscus gratus,127800,-104.782069,23.986394,,False,4,19.12,Mammalia,Rodentia,Cricetidae,2221,Terrestre,9999,,2017-12,http://www.snib.mx/snibgeoportal/Ejemplar.php?id=faf0cf0da8b85b3b796d2be78067d9fb,faf0cf0da8b85b3b796d2be78067d9fb,No,NoDisponible,,,,,,,
603,Peromyscus gratus,180058,-98.7166667,20.1,,False,5,33.04,Mammalia,Rodentia,Cricetidae,2417,Terrestre,9999,,2017-12,http://www.snib.mx/snibgeoportal/Ejemplar.php?id=fb0b3be3233d210efc2bf7cdf31c218f,fb0b3be3233d210efc2bf7cdf31c218f,No,NoDisponible,,,,,,,
373,Peromyscus gratus,175077,-99.1495476,19.3341667,,False,4,17.79,Mammalia,Rodentia,Cricetidae,2252,Terrestre,1947,,2017-12,http://www.snib.mx/snibgeoportal/Ejemplar.php?id=fb2b4e008005d57527d4b62e61360b23,fb2b4e008005d57527d4b62e61360b23,No,NoDisponible,,,,,,,
66,Peromyscus gratus,146189,-102.7438889,20.4122222,,False,3,2.25,Mammalia,Rodentia,Cricetidae,1588,Terrestre,2009,,2017-12,http://www.snib.mx/snibgeoportal/Ejemplar.php?id=fb5ea12ef9468d5959f50c16b81d8f22,fb5ea12ef9468d5959f50c16b81d8f22,No,NoDisponible,,,,,,,
743,Peromyscus gratus,170288,-99.4927778,19.9369444,,False,4,20.78,Mammalia,Rodentia,Cricetidae,2477,Terrestre,9999,,2017-12,http://www.snib.mx/snibgeoportal/Ejemplar.php?id=fba39a8ade078e60b36fb0423f5c79e7,fba39a8ade078e60b36fb0423f5c79e7,No,NoDisponible,,,,,,,
279,Peromyscus gratus,175074,-99.1501034,19.2841667,,False,4,21.87,Mammalia,Rodentia,Cricetidae,2259,Terrestre,1947,,2017-12,http://www.snib.mx/snibgeoportal/Ejemplar.php?id=fc2c273e4c334a0af5c2545c5fb1eef3,fc2c273e4c334a0af5c2545c5fb1eef3,No,NoDisponible,,,,,,,
107,Peromyscus gratus,127841,-104.8872222,24.03,,False,4,13.18,Mammalia,Rodentia,Cricetidae,2366,Terrestre,1990,,2017-12,http://www.snib.mx/snibgeoportal/Ejemplar.php?id=fc7bbe1c9e7b96f503b491975c605781,fc7bbe1c9e7b96f503b491975c605781,No,NoDisponible,,,,,,,
221,Peromyscus gratus,175055,-99.2167722,19.3233333,,False,4,21.09,Mammalia,Rodentia,Cricetidae,2398,Terrestre,1947,,2017-12,http://www.snib.mx/snibgeoportal/Ejemplar.php?id=fcd3f09b3b4f88ed42dd1a0a17ea2977,fcd3f09b3b4f88ed42dd1a0a17ea2977,No,NoDisponible,,,,,,,
374,Peromyscus gratus,175077,-99.1495476,19.3341667,,False,4,17.79,Mammalia,Rodentia,Cricetidae,2252,Terrestre,1947,,2017-12,http://www.snib.mx/snibgeoportal/Ejemplar.php?id=fda4c6dd4feac54882508db7b7c53900,fda4c6dd4feac54882508db7b7c53900,No,NoDisponible,,,,,,,
463,Peromyscus gratus,160517,-101.1398726,19.9104041,,False,4,13.35,Mammalia,Rodentia,Cricetidae,1929,Terrestre,1947,,2017-12,http://www.snib.mx/snibgeoportal/Ejemplar.php?id=fdb47f715af06c4317a84d8c1c6f7a44,fdb47f715af06c4317a84d8c1c6f7a44,No,NoDisponible,,,,,,,
717,Peromyscus gratus,175192,-99.3805556,20.7366667,,False,4,25.01,Mammalia,Rodentia,Cricetidae,1779,Terrestre,9999,,2017-12,http://www.snib.mx/snibgeoportal/Ejemplar.php?id=fdb68ebff2054b3e4e22819104935226,fdb68ebff2054b3e4e22819104935226,No,NoDisponible,,,,,,,
464,Peromyscus gratus,160517,-101.1398726,19.9104041,,False,4,13.35,Mammalia,Rodentia,Cricetidae,1929,Terrestre,1947,,2017-12,http://www.snib.mx/snibgeoportal/Ejemplar.php?id=fe274ba8e6944222cd673ee0ce58dda9,fe274ba8e6944222cd673ee0ce58dda9,No,NoDisponible,,,,,,,
748,Peromyscus gratus,123476,-105.6641667,26.9308333,,False,3,2.58,Mammalia,Rodentia,Cricetidae,1720,Terrestre,9999,,2017-12,http://www.snib.mx/snibgeoportal/Ejemplar.php?id=fe7da7fc50a257e6a44421168502126e,fe7da7fc50a257e6a44421168502126e,Si,NoDisponible,No,Si,Si,,,,
407,Peromyscus gratus,175077,-99.166667,19.3205556,,False,4,17.79,Mammalia,Rodentia,Cricetidae,2291,Terrestre,9999,,2017-12,http://www.snib.mx/snibgeoportal/Ejemplar.php?id=fe9d9a2273853bff387cda7ab63947ad,fe9d9a2273853bff387cda7ab63947ad,No,NoDisponible,,,,,,,
640,Peromyscus gratus,155877,-101.4269444,20.9427778,,False,3,5.54,Mammalia,Rodentia,Cricetidae,1782,Terrestre,9999,,2017-12,http://www.snib.mx/snibgeoportal/Ejemplar.php?id=fee1ae564bf7f870a9d4b5c093087f25,fee1ae564bf7f870a9d4b5c093087f25,No,NoDisponible,,,,,,,
59,Peromyscus gratus,175292,-98.8883333,21.1838889,,True,1,-35.32,Mammalia,Rodentia,Cricetidae,1318,Terrestre,1998,,2017-12,http://www.snib.mx/snibgeoportal/Ejemplar.php?id=ff3611fb34f7c41c6135cfcd9747988c,ff3611fb34f7c41c6135cfcd9747988c,No,NoDisponible,,,,,,,
584,Peromyscus gratus,165467,-100.3895,20.5871667,,False,4,18.95,Mammalia,Rodentia,Cricetidae,1825,Terrestre,1952,,2017-12,http://www.snib.mx/snibgeoportal/Ejemplar.php?id=ff80c16dd0c23bf14b8c8f63ae998c4f,ff80c16dd0c23bf14b8c8f63ae998c4f,No,NoDisponible,,,,,,,
447,Peromyscus gratus,155673,-101.60944,19.51583,,False,4,22.19,Mammalia,Rodentia,Cricetidae,2150,Terrestre,9999,,2017-12,http://www.snib.mx/snibgeoportal/Ejemplar.php?id=ffcc38e64c05d1846a864859b09521ae,ffcc38e64c05d1846a864859b09521ae,No,NoDisponible,,,,,,,
